desc: I1 cache:         65536 B, 64 B, 2-way associative
desc: D1 cache:         256 B, 64 B, 2-way associative
desc: LL cache:         524288 B, 64 B, 16-way associative
cmd: ./wator wator.txt
events: Ir I1mr ILmr Dr D1mr DLmr Dw D1mw DLmw 
fl=/build/buildd/eglibc-2.15/csu/../sysdeps/generic/dl-hash.h
fn=_init
44 1 0 0 0 0 0 0 0 0
45 1 0 0 0 0 0 0 0 0
46 13 0 0 4 1 0 0 0 0
49 16 0 0 0 0 0 0 0 0
50 8 0 0 0 0 0 0 0 0
63 8 0 0 0 0 0 0 0 0
68 1 0 0 0 0 0 0 0 0
fl=/build/buildd/eglibc-2.15/csu/../sysdeps/unix/sysv/linux/x86_64/../init-first.c
fn=_init
53 7 1 1 0 0 0 3 0 0
59 4 0 0 1 1 0 1 1 0
68 5 1 1 4 3 0 0 0 0
74 1 0 0 0 0 0 1 1 0
75 1 0 0 0 0 0 1 0 0
76 2 1 1 1 1 0 1 1 1
90 4 0 0 0 0 0 1 0 0
98 1 0 0 0 0 0 1 0 0
103 5 0 0 4 1 0 0 0 0
fl=/build/buildd/eglibc-2.15/csu/../sysdeps/unix/sysv/linux/x86_64/init-first.c
fn=_init
38 7 2 2 0 0 0 4 1 0
40 3 0 0 0 0 0 1 0 0
42 2 0 0 1 1 0 0 0 0
43 2 1 1 1 1 0 0 0 0
44 1 0 0 0 0 0 1 1 0
46 3 0 0 0 0 0 1 1 0
50 3 0 0 0 0 0 0 0 0
51 2 0 0 1 0 0 0 0 0
52 1 0 0 0 0 0 1 1 1
fl=/build/buildd/eglibc-2.15/csu/../sysdeps/x86_64/multiarch/init-arch.c
fn=__init_cpu_features
32 12 2 2 0 0 0 8 0 0
38 6 0 0 0 0 0 0 0 0
39 6 0 0 0 0 0 0 0 0
45 2 0 0 0 0 0 2 0 0
53 6 3 3 0 0 0 2 0 0
56 4 0 0 0 0 0 0 0 0
121 12 2 2 0 0 0 0 0 0
123 2 0 0 0 0 0 0 0 0
127 2 0 0 0 0 0 0 0 0
131 4 0 0 0 0 0 0 0 0
136 4 1 1 0 0 0 0 0 0
137 4 1 1 0 0 0 0 0 0
138 16 1 1 2 0 0 8 2 1
148 4 0 0 0 0 0 0 0 0
169 2 0 0 0 0 0 2 0 0
170 2 0 0 0 0 0 2 0 0
172 2 0 0 0 0 0 2 0 0
173 4 0 0 4 0 0 0 0 0
fl=/build/buildd/eglibc-2.15/csu/libc-start.c
fn=(below main)
96 10 1 1 0 0 0 8 1 0
106 7 1 1 2 2 0 1 1 0
158 2 1 1 0 0 0 0 0 0
159 4 0 0 0 0 0 1 1 0
181 4 0 0 2 2 0 0 0 0
184 2 0 0 0 0 0 0 0 0
185 5 0 0 4 3 0 1 1 0
189 4 1 1 2 2 0 0 0 0
204 2 0 0 0 0 0 0 0 0
213 2 0 0 0 0 0 1 1 0
214 2 0 0 0 0 0 0 0 0
219 2 0 0 1 1 0 1 1 0
220 2 0 0 1 1 0 1 0 0
223 2 0 0 0 0 0 1 0 0
226 5 0 0 5 3 0 1 1 0
258 2 1 0 0 0 0 1 0 0
fl=/build/buildd/eglibc-2.15/ctype/ctype-info.c
fn=__ctype_init
33 7 2 2 5 4 0 1 0 0
35 4 0 0 2 1 0 1 0 0
37 4 0 0 2 1 0 1 0 0
38 1 1 1 1 1 0 0 0 0
fl=/build/buildd/eglibc-2.15/elf/../elf/dl-runtime.c
fn=_dl_fixup
74 66 1 1 0 0 0 44 6 0
76 11 0 0 11 0 0 0 0 0
77 22 0 0 22 22 0 0 0 0
80 55 0 0 22 22 0 0 0 0
81 77 1 1 22 13 0 11 11 0
82 22 0 0 22 13 0 0 0 0
87 22 0 0 0 0 0 0 0 0
91 33 0 0 11 11 5 0 0 0
93 11 0 0 0 0 0 0 0 0
95 33 0 0 11 11 0 0 0 0
99 20 0 0 20 20 0 0 0 0
100 40 1 1 10 10 0 0 0 0
102 30 0 0 10 10 0 0 0 0
108 11 0 0 0 0 0 0 0 0
109 33 0 0 11 11 0 0 0 0
116 22 1 1 11 11 0 11 0 0
119 110 0 0 22 22 0 33 15 0
123 33 1 1 11 11 0 0 0 0
127 44 0 0 11 11 0 11 0 0
133 77 0 0 22 15 0 0 0 0
141 11 0 0 11 11 0 0 0 0
149 44 0 0 11 1 0 0 0 0
153 33 1 1 11 11 0 0 0 0
157 66 0 0 55 15 0 0 0 0
fl=/build/buildd/eglibc-2.15/elf/../elf/dl-sysdep.c
fn=_dl_important_hwcaps
352 3 0 0 1 0 0 0 0 0
354 12 2 2 0 0 0 10 2 1
356 1 0 0 1 1 0 0 0 0
357 3 0 0 0 0 0 0 0 0
366 2 0 0 1 0 0 0 0 0
374 1 0 0 0 0 0 0 0 0
375 1 0 0 0 0 0 0 0 0
376 4 1 1 1 1 0 1 0 0
418 2 1 1 0 0 0 1 0 0
420 9 2 2 2 0 0 3 1 1
435 6 1 1 0 0 0 0 0 0
436 2 0 0 0 0 0 0 0 0
438 2 0 0 0 0 0 0 0 0
448 2 1 1 0 0 0 0 0 0
465 2 1 1 0 0 0 0 0 0
473 2 1 1 1 0 0 0 0 0
475 3 0 0 1 0 0 1 0 0
476 5 0 0 1 0 0 1 0 0
480 3 1 1 0 0 0 1 0 0
481 1 0 0 0 0 0 1 0 0
484 2 0 0 1 0 0 0 0 0
487 2 0 0 1 0 0 0 0 0
488 4 0 0 1 0 0 1 0 0
491 6 0 0 2 0 0 0 0 0
492 2 1 1 1 0 0 0 0 0
510 10 0 0 2 0 0 4 1 1
511 5 0 0 0 0 0 1 1 1
512 2 0 0 0 0 0 0 0 0
519 2 1 1 1 1 0 0 0 0
541 3 0 0 0 0 0 2 1 0
544 2 0 0 1 0 0 0 0 0
546 5 1 1 2 1 0 2 0 0
547 8 0 0 3 2 0 4 2 0
567 1 0 0 0 0 0 0 0 0
572 23 1 1 1 0 0 0 0 0
573 4 1 1 0 0 0 4 1 0
577 10 0 0 1 0 0 0 0 0
580 28 1 1 0 0 0 0 0 0
581 24 0 0 0 0 0 0 0 0
582 14 0 0 9 2 0 0 0 0
584 4 1 1 0 0 0 0 0 0
587 3 0 0 1 0 0 0 0 0
588 1 0 0 0 0 0 0 0 0
589 7 1 1 2 1 0 0 0 0
602 10 1 1 2 1 0 2 0 0
603 2 0 0 0 0 0 0 0 0
605 4 0 0 0 0 0 0 0 0
608 3 0 0 2 0 0 1 1 0
610 1 0 0 0 0 0 0 0 0
611 9 0 0 7 2 0 0 0 0
fn=_dl_sysdep_start
86 36 0 0 0 0 0 0 0 0
89 8 1 1 0 0 0 7 1 1
90 1 0 0 0 0 0 1 1 0
91 1 0 0 0 0 0 0 0 0
113 1 0 0 0 0 0 1 1 0
114 144 2 2 46 8 6 4 3 1
117 2 0 0 0 0 0 1 0 0
118 1 0 0 0 0 0 1 1 0
120 95 4 4 26 5 2 9 5 0
121 103 0 0 16 2 2 0 0 0
124 3 0 0 1 0 0 1 1 0
127 1 0 0 1 1 1 0 0 0
128 1 0 0 0 0 0 0 0 0
130 1 1 1 1 1 1 0 0 0
131 1 0 0 0 0 0 0 0 0
133 1 0 0 1 0 0 0 0 0
134 1 0 0 0 0 0 0 0 0
154 1 1 1 1 1 1 0 0 0
155 1 0 0 0 0 0 0 0 0
157 1 0 0 1 0 0 0 0 0
158 1 0 0 0 0 0 0 0 0
160 1 1 1 1 0 0 0 0 0
161 1 0 0 0 0 0 0 0 0
163 1 0 0 1 0 0 0 0 0
164 1 0 0 0 0 0 0 0 0
179 1 0 0 1 0 0 0 0 0
180 1 0 0 0 0 0 0 0 0
227 3 0 0 0 0 0 2 0 0
229 5 0 0 0 0 0 1 0 0
241 3 1 1 1 1 0 0 0 0
244 5 0 0 3 1 0 1 0 0
246 9 1 0 8 2 0 0 0 0
fn=_dl_sysdep_start_cleanup
252 1 1 1 1 0 0 0 0 0
fl=/build/buildd/eglibc-2.15/elf/../misc/sbrk.c
fn=sbrk
35 4 1 1 0 0 0 2 0 0
43 6 0 0 2 1 1 0 0 0
47 2 0 0 0 0 0 0 0 0
58 5 1 1 3 0 0 0 0 0
fl=/build/buildd/eglibc-2.15/elf/../sysdeps/unix/sysv/linux/dl-osinfo.h
fn=security_init
74 2 0 0 0 0 0 0 0 0
97 1 0 0 1 1 0 0 0 0
99 2 0 0 0 0 0 1 0 0
114 2 0 0 0 0 0 0 0 0
125 1 0 0 1 0 0 0 0 0
fl=/build/buildd/eglibc-2.15/elf/../sysdeps/unix/sysv/linux/dl-sysdep.c
fn=_dl_discover_osversion
67 7 1 1 0 0 0 6 1 0
69 4 1 1 1 1 0 1 1 1
109 4 1 1 0 0 0 1 0 0
124 1 0 0 0 0 0 0 0 0
128 1 0 0 0 0 0 0 0 0
129 1 0 0 0 0 0 0 0 0
131 12 0 0 3 1 1 0 0 0
133 9 0 0 0 0 0 0 0 0
135 12 0 0 3 0 0 0 0 0
141 3 0 0 0 0 0 0 0 0
142 3 1 1 0 0 0 0 0 0
143 3 0 0 0 0 0 0 0 0
145 13 0 0 0 0 0 0 0 0
150 2 0 0 0 0 0 0 0 0
154 9 1 1 7 1 0 0 0 0
fn=_dl_sysdep_start
36 2 0 0 0 0 0 1 1 1
fl=/build/buildd/eglibc-2.15/elf/../sysdeps/unix/sysv/linux/dl-vdso.c
fn=_dl_vdso_vsym
27 15 1 1 0 0 0 5 0 0
28 10 0 0 10 8 0 0 0 0
29 5 0 0 0 0 0 0 0 0
32 10 0 0 0 0 0 0 0 0
50 20 1 1 10 0 0 0 0 0
fl=/build/buildd/eglibc-2.15/elf/../sysdeps/unix/sysv/linux/x86_64/brk.c
fn=brk
29 1 1 1 0 0 0 0 0 0
32 6 1 1 0 0 0 1 1 1
34 2 0 0 0 0 0 0 0 0
40 1 0 0 0 0 0 0 0 0
41 1 0 0 1 0 0 0 0 0
fl=/build/buildd/eglibc-2.15/elf/../sysdeps/x86_64/dl-irel.h
fn=_dl_fixup
33 2 1 1 0 0 0 1 0 0
fl=/build/buildd/eglibc-2.15/elf/../sysdeps/x86_64/dl-machine.h
fn=_dl_fixup
234 11 0 0 0 0 0 11 11 0
fn=_dl_relocate_object
96 18 1 1 3 2 0 0 0 0
102 6 0 0 6 6 0 0 0 0
106 9 0 0 3 3 3 0 0 0
111 3 0 0 0 0 0 3 0 0
119 9 0 0 3 3 0 0 0 0
132 6 0 0 0 0 0 3 0 0
135 21 1 1 4 4 2 0 0 0
268 198 1 1 0 0 0 0 0 0
286 198 0 0 0 0 0 0 0 0
293 3927 11 11 621 468 75 598 247 0
295 487 0 0 190 102 0 0 0 0
298 380 0 0 95 82 0 0 0 0
304 594 2 2 99 99 3 0 0 0
322 2 1 1 0 0 0 0 0 0
323 2 0 0 1 1 0 1 1 0
372 30 1 1 10 0 0 0 0 0
376 30 0 0 10 10 0 0 0 0
381 20 0 0 20 20 2 0 0 0
382 20 0 0 0 0 0 10 10 3
389 177 1 1 87 87 9 87 87 2
396 12 0 0 0 0 0 9 0 0
425 3 1 1 1 1 0 0 0 0
429 5 1 1 3 2 0 1 1 0
431 4 0 0 3 3 0 0 0 0
432 1 0 0 0 0 0 0 0 0
460 2396 0 0 1198 152 151 0 0 0
461 3594 1 1 1198 150 150 1198 234 232
470 54 0 0 27 3 0 0 0 0
474 44 0 0 0 0 0 0 0 0
476 66 0 0 22 11 0 0 0 0
477 22 0 0 22 11 3 0 0 0
494 10 0 0 10 5 0 0 0 0
496 5 0 0 0 0 0 5 2 0
497 5 0 0 0 0 0 5 5 1
fn=_dl_start
76 2 0 0 1 1 1 0 0 0
286 24 0 0 0 0 0 0 0 0
295 40 0 0 16 4 1 0 0 0
298 32 0 0 8 8 5 0 0 0
304 49 0 0 8 6 1 0 0 0
382 16 1 1 8 3 1 8 8 1
460 28 1 1 14 2 2 0 0 0
461 42 0 0 14 2 2 14 6 4
fn=_dl_sysdep_start
224 5 0 0 2 2 1 0 0 0
fl=/build/buildd/eglibc-2.15/elf/../sysdeps/x86_64/dl-trampoline.S
fn=_dl_runtime_resolve
31 11 1 1 0 0 0 0 0 0
33 11 0 0 0 0 0 11 7 0
34 11 0 0 0 0 0 11 0 0
35 11 0 0 0 0 0 11 0 0
36 11 0 0 0 0 0 11 0 0
37 11 0 0 0 0 0 11 0 0
38 11 0 0 0 0 0 11 0 0
39 11 0 0 0 0 0 11 0 0
40 11 0 0 11 0 0 0 0 0
41 11 0 0 11 0 0 0 0 0
42 11 0 0 0 0 0 11 4 0
43 11 0 0 0 0 0 0 0 0
44 11 0 0 11 11 0 0 0 0
45 11 1 1 11 0 0 0 0 0
46 11 0 0 11 0 0 0 0 0
47 11 0 0 11 0 0 0 0 0
48 11 0 0 11 0 0 0 0 0
49 11 0 0 11 0 0 0 0 0
50 11 0 0 11 0 0 0 0 0
51 11 0 0 0 0 0 0 0 0
53 11 0 0 0 0 0 0 0 0
fl=/build/buildd/eglibc-2.15/elf/dl-altinit.c
fn=dlinit_alt
33 3 1 1 2 2 0 0 0 0
34 1 0 0 1 1 0 0 0 0
fl=/build/buildd/eglibc-2.15/elf/dl-cache.c
fn=_dl_cache_libcmp
141 118 1 1 0 0 0 0 0 0
143 171 0 0 0 0 0 0 0 0
145 61 0 0 0 0 0 0 0 0
151 6 0 0 0 0 0 0 0 0
152 6 0 0 0 0 0 0 0 0
153 8 1 1 2 0 0 0 0 0
155 10 0 0 2 0 0 0 0 0
157 4 0 0 0 0 0 0 0 0
163 110 1 1 0 0 0 0 0 0
164 33 1 1 22 21 10 0 0 0
165 110 0 0 0 0 0 0 0 0
166 36 0 0 9 5 0 0 0 0
169 46 0 0 0 0 0 0 0 0
170 138 0 0 92 1 0 0 0 0
173 6 0 0 2 2 0 0 0 0
fn=_dl_load_cache_lookup
182 4 2 2 0 0 0 0 0 0
183 8 2 2 0 0 0 6 0 0
191 2 0 0 1 1 0 0 0 0
194 3 0 0 1 1 0 0 0 0
197 5 2 2 0 0 0 1 1 0
205 5 0 0 1 0 0 0 0 0
206 6 1 1 0 0 0 1 0 0
210 1 0 0 0 0 0 1 1 0
213 4 0 0 1 0 0 0 0 0
216 2 0 0 0 0 0 1 0 0
217 3 0 0 0 0 0 0 0 0
218 5 1 1 0 0 0 1 0 0
236 2 0 0 0 0 0 0 0 0
245 3 0 0 1 1 0 0 0 0
254 2 0 0 0 0 0 0 0 0
260 4 1 1 0 0 0 2 0 0
264 1 1 1 1 0 0 0 0 0
265 6 0 0 3 1 0 1 0 0
279 246 8 8 33 25 9 12 5 0
295 4 1 1 1 0 0 0 0 0
300 9 0 0 7 1 0 0 0 0
fn=_dl_unload_cache
309 1 0 0 0 0 0 0 0 0
310 4 0 0 1 1 0 0 0 0
312 2 0 0 1 0 0 1 1 0
313 1 0 0 0 0 0 1 0 0
315 2 0 0 1 0 0 0 0 0
fl=/build/buildd/eglibc-2.15/elf/dl-debug.c
fn=_dl_debug_initialize
52 8 1 1 0 0 0 0 0 0
53 4 0 0 4 4 0 0 0 0
57 18 1 1 3 3 0 0 0 0
60 1 0 0 0 0 0 1 1 0
61 3 0 0 0 0 0 1 1 0
62 5 0 0 1 1 0 1 0 0
63 2 0 0 0 0 0 1 0 0
67 4 0 0 4 1 0 0 0 0
fn=_dl_debug_state
77 2 1 1 2 0 0 0 0 0
fl=/build/buildd/eglibc-2.15/elf/dl-deps.c
fn=_dl_map_object_deps
146 3 0 0 0 0 0 0 0 0
149 11 2 2 0 0 0 9 2 0
150 9 0 0 0 0 0 1 1 0
164 4 0 0 0 0 0 2 1 0
165 2 0 0 0 0 0 2 0 0
166 7 1 1 0 0 0 2 0 0
168 1 0 0 0 0 0 1 0 0
172 9 1 1 2 2 0 2 0 0
182 9 0 0 0 0 0 1 0 0
183 1 0 0 1 1 0 0 0 0
186 3 0 0 0 0 0 2 1 0
205 2 0 0 1 1 0 1 0 0
206 1 0 0 0 0 0 1 0 0
207 1 1 1 0 0 0 1 1 0
208 4 1 1 0 0 0 4 1 0
212 8 0 0 8 1 0 0 0 0
213 6 1 1 0 0 0 0 0 0
214 2 0 0 0 0 0 0 0 0
217 4 0 0 0 0 0 4 0 0
221 8 0 0 4 4 0 0 0 0
222 23 2 2 10 6 1 0 0 0
224 4 0 0 0 0 0 0 0 0
226 6 0 0 4 2 0 0 0 0
228 26 1 1 2 0 0 4 0 0
233 16 0 0 8 7 1 0 0 0
235 6 0 0 4 3 0 2 0 0
240 2 0 0 0 0 0 2 0 0
241 2 0 0 0 0 0 2 2 0
242 4 0 0 2 1 0 2 0 0
243 4 0 0 2 0 0 2 0 0
246 192 2 2 50 16 0 2 0 0
247 88 0 0 0 0 0 0 0 0
253 16 1 1 4 0 0 2 2 0
255 2 0 0 0 0 0 2 1 0
258 12 0 0 0 0 0 2 0 0
260 6 1 1 2 1 0 0 0 0
275 2 0 0 2 0 0 0 0 0
277 4 0 0 2 2 0 0 0 0
282 6 0 0 0 0 0 0 0 0
285 2 1 1 0 0 0 2 1 0
286 2 0 0 0 0 0 2 0 0
287 2 0 0 0 0 0 2 1 0
288 4 0 0 2 2 0 2 1 0
290 2 0 0 2 0 0 0 0 0
292 12 0 0 2 2 0 4 2 0
296 4 0 0 0 0 0 0 0 0
297 3 0 0 0 0 0 1 0 0
299 168 1 1 0 0 0 0 0 0
477 8 1 1 0 0 0 0 0 0
479 6 0 0 0 0 0 2 2 0
481 4 0 0 0 0 0 2 1 0
482 4 0 0 0 0 0 0 0 0
483 4 0 0 0 0 0 0 0 0
486 2 0 0 0 0 0 2 2 1
487 10 0 0 0 0 0 2 0 0
488 10 0 0 0 0 0 2 0 0
491 2 0 0 0 0 0 2 2 0
492 2 0 0 2 2 0 0 0 0
496 20 1 1 8 6 0 0 0 0
498 4 0 0 4 1 0 0 0 0
499 26 1 1 4 3 0 3 1 0
503 5 0 0 1 1 0 0 0 0
504 2 0 0 1 0 0 1 0 0
507 5 1 1 2 1 0 1 0 0
517 2 0 0 0 0 0 1 0 0
518 3 0 0 1 0 0 0 0 0
520 2 1 1 0 0 0 0 0 0
525 5 0 0 2 1 0 1 1 0
526 13 1 1 7 4 0 2 0 0
528 13 1 1 4 1 0 1 1 0
534 16 0 0 4 2 0 4 2 1
538 8 0 0 8 4 0 0 0 0
541 2 0 0 1 1 0 0 0 0
592 5 0 0 3 2 0 0 0 0
594 3 0 0 1 1 0 0 0 0
630 6 1 1 1 0 0 2 1 0
632 4 1 1 1 1 0 1 0 0
636 1 1 1 0 0 0 0 0 0
637 6 1 1 0 0 0 0 0 0
638 10 1 1 2 2 0 3 2 0
642 3 0 0 3 1 0 0 0 0
643 6 0 0 3 1 0 0 0 0
649 16 0 0 5 2 0 0 0 0
651 12 0 0 6 5 0 0 0 0
652 8 0 0 0 0 0 0 0 0
654 9 0 0 3 0 0 0 0 0
655 6 0 0 0 0 0 0 0 0
677 3 1 1 0 0 0 0 0 0
680 9 0 0 3 1 0 0 0 0
683 23 2 2 7 0 0 6 4 0
690 2 0 0 1 0 0 1 0 0
692 2 1 1 1 0 0 1 1 0
693 1 0 0 1 1 0 0 0 0
701 2 0 0 1 0 0 0 0 0
704 3 0 0 1 0 0 0 0 0
707 8 0 0 7 2 0 0 0 0
fn=openaux
62 4 1 1 0 0 0 2 0 0
65 20 1 1 8 2 0 4 4 0
67 4 0 0 2 2 0 0 0 0
69 2 0 0 2 2 0 0 0 0
70 4 0 0 4 0 0 0 0 0
fl=/build/buildd/eglibc-2.15/elf/dl-environ.c
fn=_dl_next_ld_env_entry
31 3 1 1 3 1 0 0 0 0
32 3 0 0 0 0 0 0 0 0
34 137 0 0 45 9 0 0 0 0
36 88 0 0 44 24 23 0 0 0
37 20 0 0 10 0 0 0 0 0
39 2 0 0 0 0 0 0 0 0
42 4 0 0 0 0 0 2 2 0
44 2 0 0 2 2 0 0 0 0
47 42 0 0 0 0 0 0 0 0
51 1 0 0 1 0 0 0 0 0
fl=/build/buildd/eglibc-2.15/elf/dl-error.c
fn=_dl_catch_error
160 21 1 1 0 0 0 18 6 3
169 3 0 0 0 0 0 3 0 0
171 6 1 1 3 3 0 6 0 0
172 6 0 0 3 3 0 3 3 0
174 12 0 0 0 0 0 3 1 0
175 6 0 0 0 0 0 0 0 0
177 9 0 0 3 0 0 3 3 0
178 6 0 0 6 0 0 3 0 0
179 9 1 1 6 3 0 3 3 0
180 6 0 0 3 0 0 3 2 0
181 6 0 0 3 1 0 3 2 0
182 6 0 0 3 0 0 3 0 0
192 12 0 0 6 2 0 0 0 0
fn=_dl_receive_error
198 10 1 1 0 0 0 6 1 0
199 2 0 0 1 1 0 1 0 0
203 1 0 0 1 1 0 0 0 0
204 1 0 0 1 1 1 0 0 0
207 1 0 0 0 0 0 1 0 0
208 1 1 1 0 0 0 1 0 0
210 2 0 0 0 0 0 1 0 0
212 1 0 0 0 0 0 1 1 0
213 1 0 0 0 0 0 1 1 0
214 8 0 0 7 1 0 0 0 0
fl=/build/buildd/eglibc-2.15/elf/dl-fini.c
fn=_dl_fini
132 5 1 1 0 0 0 0 0 0
133 8 1 1 0 0 0 6 0 0
145 1 0 0 0 0 0 0 0 0
146 1 0 0 0 0 0 1 1 0
152 1 0 0 0 0 0 0 0 0
155 7 0 0 2 1 0 1 0 0
158 2 0 0 1 1 0 1 0 0
161 1 0 0 1 1 0 0 0 0
164 2 1 1 0 0 0 0 0 0
166 6 0 0 2 1 0 0 0 0
177 4 0 0 1 0 0 0 0 0
179 2 0 0 1 0 0 0 0 0
182 9 1 1 0 0 0 1 0 0
193 15 0 0 4 3 0 0 0 0
195 8 0 0 4 4 0 0 0 0
197 8 0 0 0 0 0 0 0 0
199 8 0 0 0 0 0 4 4 0
200 4 1 1 0 0 0 4 4 0
201 4 0 0 0 0 0 0 0 0
205 4 0 0 4 4 0 0 0 0
207 2 0 0 0 0 0 0 0 0
212 5 0 0 1 1 0 1 1 0
221 2 0 0 1 1 0 1 0 0
225 12 1 1 4 0 0 1 1 0
227 8 0 0 8 1 0 0 0 0
229 12 0 0 4 4 0 0 0 0
232 8 0 0 0 0 0 4 0 0
235 12 1 1 4 4 0 0 0 0
236 8 1 1 4 4 0 0 0 0
239 4 0 0 2 2 0 0 0 0
246 4 0 0 0 0 0 0 0 0
258 6 1 1 2 0 0 0 0 0
259 6 0 0 4 4 0 2 1 0
264 20 0 0 4 4 0 0 0 0
280 8 1 1 8 6 0 0 0 0
285 5 0 0 1 0 0 0 0 0
291 2 1 1 1 1 0 0 0 0
298 8 1 1 7 1 0 0 0 0
fn=_dl_sort_fini
34 11 1 1 0 0 0 8 1 0
36 2 0 0 0 0 0 0 0 0
41 3 0 0 0 0 0 0 0 0
42 6 1 1 0 0 0 0 0 0
43 6 0 0 0 0 0 2 1 0
47 9 0 0 3 0 0 3 0 0
48 6 1 1 3 1 0 0 0 0
52 15 1 1 6 6 0 0 0 0
58 8 0 0 5 4 0 1 0 0
59 16 0 0 0 0 0 2 0 0
61 12 0 0 6 3 0 0 0 0
62 8 0 0 0 0 0 0 0 0
64 9 0 0 3 1 0 0 0 0
65 6 0 0 0 0 0 0 0 0
84 1 0 0 0 0 0 1 1 0
95 9 1 1 3 0 0 0 0 0
116 3 0 0 0 0 0 0 0 0
120 12 0 0 3 1 0 0 0 0
123 15 0 0 4 0 0 4 4 0
127 8 0 0 7 0 0 0 0 0
fl=/build/buildd/eglibc-2.15/elf/dl-init.c
fn=_dl_init
37 15 1 1 5 5 0 0 0 0
43 8 0 0 0 0 0 4 0 0
46 12 2 2 8 7 0 0 0 0
47 3 0 0 0 0 0 0 0 0
51 6 0 0 3 3 0 0 0 0
52 16 0 0 1 1 0 3 3 0
93 11 1 1 0 0 0 6 1 0
94 1 0 0 1 1 0 0 0 0
95 1 0 0 1 0 0 0 0 0
98 3 0 0 1 1 0 0 0 0
101 2 0 0 0 0 0 1 1 0
105 2 0 0 0 0 0 0 0 0
132 2 1 1 1 1 0 0 0 0
133 14 0 0 0 0 0 0 0 0
134 12 0 0 8 8 0 0 0 0
140 8 0 0 7 2 0 0 0 0
fn=call_init.part.0
35 36 1 1 0 0 0 15 3 0
56 6 0 0 3 3 0 0 0 0
64 9 0 0 3 1 0 0 0 0
66 4 0 0 4 4 0 0 0 0
70 8 0 0 0 0 0 2 1 0
74 3 1 1 3 3 0 0 0 0
75 6 0 0 0 0 0 0 0 0
81 6 0 0 4 3 0 0 0 0
83 4 0 0 4 3 0 0 0 0
84 10 0 0 0 0 0 0 0 0
85 15 0 0 3 3 0 3 1 0
87 18 1 1 18 3 0 0 0 0
fl=/build/buildd/eglibc-2.15/elf/dl-load.c
fn=_dl_init_paths
711 28 0 0 0 0 0 1 1 0
712 9 2 2 0 0 0 7 0 0
727 6 0 0 2 0 0 2 0 0
731 1 0 0 0 0 0 1 0 0
732 3 0 0 0 0 0 1 0 0
733 2 0 0 0 0 0 0 0 0
740 5 0 0 0 0 0 0 0 0
741 2 1 1 1 0 0 0 0 0
744 1 0 0 0 0 0 1 1 0
745 2 0 0 0 0 0 1 0 0
747 2 0 0 0 0 0 0 0 0
753 1 0 0 0 0 0 1 1 0
754 1 0 0 0 0 0 1 1 0
756 1 0 0 0 0 0 0 0 0
762 13 0 0 0 0 0 3 3 1
764 8 0 0 0 0 0 4 3 2
765 4 1 1 0 0 0 4 1 1
767 5 0 0 0 0 0 4 0 0
768 10 0 0 3 3 1 4 1 1
769 10 0 0 0 0 0 0 0 0
772 29 2 2 3 3 1 0 0 0
773 92 0 0 0 0 0 0 0 0
774 17 1 1 0 0 0 16 1 1
776 24 2 2 3 2 0 4 2 0
782 1 0 0 0 0 0 1 1 1
783 1 0 0 0 0 0 1 1 0
787 1 0 0 1 1 0 0 0 0
788 2 0 0 0 0 0 0 0 0
790 4 1 1 1 1 0 0 0 0
792 3 0 0 1 1 0 0 0 0
806 1 0 0 0 0 0 1 1 0
808 3 2 2 1 1 0 0 0 0
819 2 1 1 0 0 0 1 1 0
824 5 1 1 3 2 0 0 0 0
832 5 0 0 0 0 0 1 0 0
834 11 1 1 2 0 0 2 1 0
851 51 1 1 16 0 0 0 0 0
853 14 0 0 0 0 0 0 0 0
854 42 0 0 0 0 0 0 0 0
855 14 0 0 0 0 0 0 0 0
858 1 0 0 0 0 0 1 1 0
859 1 0 0 0 0 0 1 0 0
860 2 0 0 0 0 0 0 0 0
866 7 1 1 1 1 0 1 0 0
870 3 0 0 2 1 0 0 0 0
876 1 0 0 0 0 0 1 0 0
880 8 0 0 7 2 0 0 0 0
fn=_dl_map_object
161 3 1 1 0 0 0 1 0 0
162 3 0 0 0 0 0 2 1 0
164 3 0 0 1 0 0 0 0 0
167 3 0 0 0 0 0 1 0 0
689 9 1 1 3 2 0 0 0 0
2276 39 2 2 0 0 0 27 8 3
2283 6 0 0 0 0 0 0 0 0
2284 6 0 0 3 3 0 0 0 0
2287 36 0 0 9 9 0 0 0 0
2292 21 1 1 7 7 0 0 0 0
2293 14 0 0 0 0 0 0 0 0
2295 35 0 0 0 0 0 7 5 2
2299 12 0 0 6 6 0 0 0 0
2300 18 1 1 6 6 0 0 0 0
2303 2 0 0 2 2 0 0 0 0
2304 4 0 0 4 4 0 0 0 0
2305 8 0 0 0 0 0 2 2 0
2321 14 1 1 4 2 0 4 2 0
2322 2 1 1 0 0 0 0 0 0
2332 6 0 0 2 2 0 0 0 0
2356 2 0 0 0 0 0 2 2 0
2358 10 1 1 0 0 0 2 2 0
2362 4 1 1 0 0 0 2 1 0
2364 2 0 0 1 1 0 0 0 0
2371 4 0 0 1 1 0 0 0 0
2375 2 0 0 1 1 0 1 0 0
2380 7 1 1 2 2 0 0 0 0
2383 6 0 0 1 0 0 2 0 0
2395 4 2 2 1 0 0 0 0 0
2396 7 0 0 3 0 0 0 0 0
2406 2 1 1 1 1 0 0 0 0
2407 16 1 1 4 2 0 4 1 0
2413 4 1 1 1 1 0 0 0 0
2421 4 1 1 1 0 0 1 1 0
2426 3 0 0 0 0 0 1 0 0
2428 2 0 0 0 0 0 0 0 0
2433 3 0 0 1 1 0 0 0 0
2441 2 1 1 1 1 0 0 0 0
2468 10 0 0 1 0 0 1 0 0
2471 2 0 0 0 0 0 0 0 0
2473 1 0 0 0 0 0 1 1 1
2474 2 0 0 0 0 0 0 0 0
2493 2 0 0 1 1 0 0 0 0
2499 1 0 0 0 0 0 1 1 1
2501 6 0 0 1 0 0 1 0 0
2502 2 1 1 0 0 0 0 0 0
2503 1 0 0 0 0 0 0 0 0
2506 10 0 0 1 1 0 1 0 0
2509 2 0 0 0 0 0 0 0 0
2521 8 1 1 2 2 0 0 0 0
2523 4 0 0 0 0 0 0 0 0
2567 4 0 0 2 2 0 2 2 0
2568 28 0 0 6 1 0 8 1 0
2570 27 0 0 21 6 0 0 0 0
fn=_dl_map_object_from_fd
913 4 0 0 0 0 0 0 0 0
916 28 2 2 0 0 0 20 4 1
927 8 0 0 2 0 0 4 4 1
928 2 0 0 0 0 0 2 0 0
931 12 1 1 2 0 0 2 0 0
942 29 0 0 9 9 0 0 0 0
943 26 1 1 14 11 1 0 0 0
960 4 1 1 2 1 0 0 0 0
985 6 0 0 2 0 0 0 0 0
995 4 1 1 2 2 0 0 0 0
1017 8 0 0 4 4 0 0 0 0
1048 4 0 0 0 0 0 0 0 0
1051 16 1 1 8 1 0 2 2 0
1052 4 0 0 0 0 0 0 0 0
1063 6 0 0 4 2 0 2 2 0
1064 8 0 0 4 3 0 4 1 0
1065 4 1 1 2 2 0 2 0 0
1067 6 0 0 0 0 0 0 0 0
1068 8 0 0 4 0 0 0 0 0
1069 2 0 0 0 0 0 0 0 0
1074 2 0 0 0 0 0 2 2 0
1084 2 0 0 0 0 0 2 0 0
1093 16 1 1 2 0 0 0 0 0
1094 2 0 0 0 0 0 0 0 0
1095 2 1 1 0 0 0 2 1 0
1101 154 0 0 2 0 0 0 0 0
1102 125 2 2 17 12 0 0 0 0
1108 4 0 0 2 0 0 2 2 0
1109 8 0 0 2 1 0 2 2 0
1113 2 0 0 1 0 0 1 1 0
1114 1 0 0 0 0 0 0 0 0
1119 20 1 1 8 8 0 0 0 0
1125 24 1 1 8 0 0 0 0 0
1126 4 0 0 0 0 0 0 0 0
1133 16 0 0 0 0 0 0 0 0
1134 16 0 0 0 0 0 4 4 3
1135 12 0 0 4 0 0 0 0 0
1136 8 0 0 0 0 0 4 0 0
1137 4 0 0 0 0 0 4 0 0
1138 8 1 1 4 0 0 4 0 0
1139 8 0 0 0 0 0 4 1 1
1143 8 0 0 0 0 0 0 0 0
1144 10 0 0 4 3 0 2 0 0
1149 28 0 0 4 0 0 4 0 0
1159 4 0 0 0 0 0 0 0 0
1162 3 0 0 1 1 0 0 0 0
1166 1 0 0 0 0 0 1 1 1
1167 2 0 0 1 0 0 1 0 0
1168 3 0 0 1 0 0 0 0 0
1171 3 1 1 0 0 0 1 0 0
1172 2 0 0 1 0 0 1 0 0
1175 1 0 0 0 0 0 1 0 0
1179 4 0 0 1 1 0 0 0 0
1185 4 1 1 1 1 0 2 2 1
1186 1 0 0 0 0 0 0 0 0
1190 10 0 0 2 2 0 2 0 0
1240 4 0 0 2 0 0 2 2 0
1241 2 0 0 0 0 0 0 0 0
1244 4 1 1 2 1 0 2 2 1
1245 6 0 0 2 1 0 2 1 0
1246 2 0 0 0 0 0 0 0 0
1249 4 1 1 0 0 0 0 0 0
1259 2 0 0 0 0 0 0 0 0
1262 14 0 0 4 4 0 2 0 0
1264 4 0 0 0 0 0 0 0 0
1278 4 1 1 2 2 0 0 0 0
1283 14 0 0 6 2 0 6 6 1
1287 6 1 1 2 0 0 0 0 0
1294 6 0 0 2 1 0 2 1 0
1295 4 0 0 2 1 0 2 2 0
1297 4 0 0 2 0 0 0 0 0
1303 12 0 0 2 2 0 2 2 0
1304 2 1 1 2 0 0 0 0 0
1307 2 0 0 2 2 0 0 0 0
1330 22 0 0 2 0 0 0 0 0
1332 8 1 1 4 1 0 0 0 0
1334 24 0 0 8 4 0 2 2 0
1342 12 0 0 4 3 0 0 0 0
1343 6 1 1 4 1 0 2 1 0
1345 8 0 0 4 3 0 0 0 0
1346 5 1 1 3 3 0 0 0 0
1347 6 0 0 2 1 0 0 0 0
1348 5 1 1 1 0 0 0 0 0
1350 4 0 0 0 0 0 1 0 0
1352 16 0 0 8 1 0 0 0 0
1358 4 0 0 2 1 0 0 0 0
1359 2 0 0 0 0 0 0 0 0
1360 12 1 1 2 2 0 0 0 0
1361 4 0 0 0 0 0 0 0 0
1368 4 0 0 0 0 0 0 0 0
1371 4 0 0 0 0 0 0 0 0
1382 16 0 0 0 0 0 8 4 0
1383 12 0 0 8 3 0 0 0 0
1388 4 0 0 0 0 0 0 0 0
1392 8 1 1 1 0 0 1 0 0
1395 2 0 0 0 0 0 0 0 0
1403 4 1 1 0 0 0 0 0 0
1407 6 0 0 2 2 0 0 0 0
1416 6 1 1 2 1 0 2 0 0
1422 8 0 0 2 2 0 0 0 0
1438 6 1 1 2 2 0 0 0 0
1457 4 0 0 2 2 0 2 0 0
1459 10 0 0 4 4 0 0 0 0
1514 6 0 0 2 2 0 0 0 0
1515 2 0 0 1 0 0 1 0 0
1518 8 1 1 2 0 0 2 2 0
1526 4 0 0 2 0 0 0 0 0
1529 8 0 0 4 2 0 2 0 0
1531 4 1 1 2 2 0 0 0 0
1547 4 0 0 0 0 0 2 1 0
1551 4 0 0 2 2 0 0 0 0
1552 4 1 1 2 2 0 0 0 0
1570 8 0 0 4 4 0 2 1 0
1574 4 1 1 2 2 0 2 1 0
1578 4 0 0 2 2 0 0 0 0
1584 6 0 0 2 2 0 2 2 0
1588 6 0 0 2 2 0 0 0 0
1608 18 0 0 14 2 0 0 0 0
fn=expand_dynamic_string_token
161 3 0 0 0 0 0 1 0 0
162 2 0 0 0 0 0 1 0 0
164 2 0 0 0 0 0 0 0 0
167 4 0 0 0 0 0 0 0 0
421 9 1 1 0 0 0 5 0 0
431 5 1 1 0 0 0 1 0 0
446 6 1 1 5 0 0 0 0 0
fn=fillin_rpath
489 6 1 1 0 0 0 0 0 0
491 14 2 2 0 0 0 11 1 0
493 1 0 0 0 0 0 0 0 0
495 12 0 0 2 0 0 2 2 0
498 3 1 1 0 0 0 1 0 0
502 2 0 0 0 0 0 0 0 0
509 4 0 0 1 0 0 0 0 0
514 2 0 0 0 0 0 1 0 0
517 3 1 1 1 0 0 0 0 0
521 17 0 0 5 2 0 0 0 0
522 8 0 0 4 4 0 0 0 0
540 3 1 1 1 1 0 1 0 0
543 4 0 0 0 0 0 3 1 0
544 3 0 0 2 1 0 0 0 0
545 1 1 1 0 0 0 0 0 0
546 4 0 0 2 1 0 0 0 0
550 1 0 0 0 0 0 1 1 1
551 1 0 0 0 0 0 0 0 0
552 5 0 0 0 0 0 3 1 0
553 1 0 0 0 0 0 1 0 0
555 3 1 1 2 1 0 0 0 0
561 4 0 0 1 0 0 0 0 0
562 28 1 1 0 0 0 0 0 0
563 4 1 1 0 0 0 4 0 0
565 2 0 0 1 0 0 1 1 1
566 2 0 0 1 0 0 0 0 0
571 2 2 2 0 0 0 1 0 0
573 1 0 0 0 0 0 1 0 0
574 1 0 0 0 0 0 1 1 0
577 3 1 1 0 0 0 1 0 0
582 1 0 0 0 0 0 1 1 0
585 9 0 0 7 1 0 0 0 0
fn=open_path
2123 12 0 0 0 0 0 0 0 0
2127 14 2 2 0 0 0 12 2 1
2128 2 0 0 1 1 0 1 0 0
2131 1 1 1 0 0 0 1 0 0
2132 1 0 0 0 0 0 1 0 0
2134 2 0 0 0 0 0 0 0 0
2139 10 0 0 3 2 0 0 0 0
2142 1 0 0 1 1 0 0 0 0
2151 2 0 0 1 1 0 0 0 0
2158 5 0 0 2 1 0 2 2 0
2159 20 1 1 1 1 0 0 0 0
2162 8 1 1 4 1 0 0 0 0
2166 40 1 1 24 16 0 8 4 0
2169 4 0 0 0 0 0 0 0 0
2172 8 1 1 4 4 0 0 0 0
2175 32 0 0 16 8 0 4 4 0
2177 12 0 0 4 4 0 0 0 0
2179 8 0 0 0 0 0 0 0 0
2184 8 1 1 4 4 0 0 0 0
2185 36 0 0 16 12 0 0 0 0
2191 15 1 1 4 4 0 5 4 0
2193 24 0 0 0 0 0 4 0 0
2194 4 0 0 1 1 0 0 0 0
2196 6 1 1 0 0 0 3 3 0
2198 3 1 1 0 0 0 1 1 0
2203 8 0 0 4 4 0 0 0 0
2244 5 0 0 1 1 0 0 0 0
2249 1 1 1 1 0 0 0 0 0
2251 4 0 0 3 2 0 0 0 0
2254 3 0 0 1 0 0 0 0 0
2267 1 0 0 0 0 0 0 0 0
2268 9 0 0 7 1 0 0 0 0
fn=open_verify
1857 84 1 1 0 0 0 48 6 0
1893 28 0 0 6 6 0 0 0 0
1905 2 1 1 1 1 0 0 0 0
1914 30 1 1 0 0 0 12 8 1
1915 12 0 0 0 0 0 0 0 0
1925 2 0 0 0 0 0 2 2 0
1926 14 1 1 0 0 0 4 2 0
1933 4 0 0 0 0 0 0 0 0
1949 20 1 1 0 0 0 2 0 0
1951 2 0 0 2 1 0 0 0 0
1953 8 0 0 0 0 0 2 0 0
2009 4 0 0 2 1 0 0 0 0
2014 4 1 1 2 0 0 0 0 0
2016 6 0 0 2 0 0 0 0 0
2022 4 0 0 2 2 1 0 0 0
2029 10 1 1 2 0 0 0 0 0
2030 8 0 0 2 0 0 0 0 0
2031 4 0 0 0 0 0 2 0 0
2046 106 0 0 18 1 0 0 0 0
2048 36 1 1 17 11 5 0 0 0
2052 8 0 0 4 2 0 0 0 0
2053 2 0 0 0 0 0 0 0 0
2062 18 2 2 0 0 0 3 0 0
2065 2 0 0 0 0 0 0 0 0
2066 6 0 0 2 2 0 0 0 0
2067 6 0 0 2 0 0 0 0 0
2069 6 0 0 0 0 0 0 0 0
2074 1 0 0 0 0 0 0 0 0
2075 1 0 0 0 0 0 0 0 0
2078 2 0 0 0 0 0 0 0 0
2081 3 0 0 1 0 0 0 0 0
2082 5 0 0 1 0 0 0 0 0
2083 2 0 0 1 0 0 0 0 0
2084 3 0 0 1 0 0 0 0 0
2085 5 0 0 1 1 0 0 0 0
2113 54 2 2 48 2 0 0 0 0
fl=/build/buildd/eglibc-2.15/elf/dl-lookup.c
fn=_dl_lookup_symbol_x
477 5488 1 1 1300 120 88 0 0 0
478 6020 0 0 0 0 0 0 0 0
716 1344 2 2 0 0 0 864 106 1
718 192 0 0 0 0 0 96 94 0
719 192 0 0 0 0 0 192 7 0
722 96 0 0 96 96 0 0 0 0
726 372 1 1 90 88 0 0 0 0
730 96 0 0 0 0 0 96 0 0
731 192 0 0 96 6 0 0 0 0
733 192 0 0 192 192 0 0 0 0
737 592 1 1 292 8 0 0 0 0
739 1440 1 1 480 357 0 672 280 0
742 192 0 0 0 0 0 0 0 0
745 8 0 0 0 0 0 0 0 0
770 192 0 0 0 0 0 0 0 0
772 28 1 1 8 8 0 0 0 0
789 4 1 1 0 0 0 4 0 0
790 8 0 0 0 0 0 0 0 0
793 276 0 0 92 92 0 0 0 0
794 552 1 1 184 97 0 0 0 0
829 368 0 0 92 92 0 0 0 0
843 276 0 0 92 92 0 0 0 0
844 2 1 1 0 0 0 1 0 0
846 368 1 1 184 108 0 0 0 0
851 92 0 0 0 0 0 92 88 0
853 864 0 0 672 100 0 0 0 0
fn=_dl_setup_hash
861 4 1 1 0 0 0 0 0 0
864 12 0 0 4 2 0 0 0 0
868 4 0 0 4 4 0 0 0 0
872 8 0 0 4 4 4 4 4 0
873 4 1 1 4 0 0 0 0 0
874 4 0 0 4 1 1 0 0 0
876 12 0 0 0 0 0 0 0 0
877 4 0 0 0 0 0 4 0 0
878 12 0 0 4 0 0 4 0 0
880 4 0 0 0 0 0 4 1 0
881 8 0 0 0 0 0 0 0 0
883 4 0 0 0 0 0 4 0 0
884 4 0 0 0 0 0 0 0 0
885 16 1 1 0 0 0 4 0 0
899 8 0 0 4 3 0 0 0 0
fn=check_match.11236
132 644 2 2 0 0 0 368 89 1
133 184 0 0 92 92 14 0 0 0
135 552 1 1 184 60 8 0 0 0
137 276 0 0 92 0 0 0 0 0
147 276 0 0 92 0 0 92 92 1
150 322 1 1 161 5 0 23 10 0
154 184 0 0 184 97 0 0 0 0
155 276 0 0 92 90 0 0 0 0
157 180 0 0 0 0 0 0 0 0
176 180 1 1 180 94 7 0 0 0
177 720 0 0 270 201 0 0 0 0
178 450 1 1 180 4 0 90 90 0
205 4 0 0 0 0 0 0 0 0
207 12 0 0 4 2 0 0 0 0
208 8 0 0 2 0 0 0 0 0
223 644 1 1 460 92 0 0 0 0
fn=do_lookup_x
77 768 2 2 288 4 0 480 7 0
82 1152 1 1 192 89 0 672 190 0
83 96 0 0 96 96 0 0 0 0
89 96 0 0 96 94 0 0 0 0
95 296 0 0 0 0 0 296 181 0
96 296 0 0 0 0 0 296 34 0
98 888 0 0 592 592 0 296 0 0
101 592 1 1 0 0 0 0 0 0
105 598 0 0 299 3 0 0 0 0
109 590 0 0 295 293 0 0 0 0
113 590 0 0 295 295 0 0 0 0
120 885 1 1 295 188 0 0 0 0
124 885 0 0 590 590 0 295 295 1
125 885 0 0 590 362 0 295 123 0
226 295 0 0 295 204 0 0 0 0
227 590 0 0 0 0 0 0 0 0
229 295 0 0 295 295 33 0 0 0
230 192 0 0 0 0 0 0 0 0
231 590 0 0 295 95 0 0 0 0
233 192 0 0 0 0 0 0 0 0
234 1180 1 1 295 0 0 0 0 0
237 1180 0 0 0 0 0 0 0 0
238 885 0 0 0 0 0 0 0 0
240 194 0 0 194 92 49 0 0 0
241 388 1 1 0 0 0 0 0 0
242 194 0 0 0 0 0 0 0 0
244 291 0 0 97 0 0 0 0 0
247 910 1 1 182 103 65 0 0 0
249 552 1 1 184 65 0 92 16 0
250 828 0 0 92 0 0 460 177 0
251 552 0 0 368 88 0 0 0 0
254 270 0 0 0 0 0 0 0 0
258 203 0 0 0 0 0 203 12 0
262 96 0 0 0 0 0 0 0 0
282 406 0 0 203 0 0 0 0 0
287 684 1 1 92 92 0 0 0 0
291 131 1 1 13 13 0 92 5 0
304 184 0 0 92 0 0 92 92 0
305 184 0 0 92 67 0 92 0 0
306 184 0 0 0 0 0 0 0 0
462 1158 1 1 386 372 0 0 0 0
463 341 0 0 124 4 0 124 31 0
466 612 1 1 0 0 0 0 0 0
469 4 0 0 0 0 0 0 0 0
470 768 0 0 672 101 0 0 0 0
fl=/build/buildd/eglibc-2.15/elf/dl-minimal.c
fn=__libc_memalign
53 84 1 1 0 0 0 42 2 1
54 84 1 1 42 41 0 0 0 0
59 3 0 0 0 0 0 1 0 0
60 3 1 1 1 1 0 0 0 0
61 1 0 0 0 0 0 0 0 0
65 63 0 0 0 0 0 21 0 0
66 21 0 0 0 0 0 0 0 0
68 135 0 0 0 0 0 0 0 0
72 12 1 1 3 3 0 0 0 0
73 6 0 0 0 0 0 0 0 0
79 21 0 0 0 0 0 3 3 0
81 6 0 0 0 0 0 0 0 0
83 9 0 0 6 2 0 0 0 0
85 9 0 0 0 0 0 3 0 0
88 21 0 0 0 0 0 21 0 0
89 21 0 0 0 0 0 21 0 0
91 105 0 0 63 2 0 0 0 0
fn=calloc
108 16 0 0 0 0 0 0 0 0
111 40 1 1 0 0 0 0 0 0
115 16 0 0 0 0 0 0 0 0
fn=malloc
95 20 1 1 0 0 0 0 0 0
96 40 0 0 0 0 0 0 0 0
fn=strsep
320 4 1 1 0 0 0 0 0 0
323 8 0 0 4 4 0 0 0 0
325 4 0 0 4 1 0 0 0 0
326 8 0 0 0 0 0 0 0 0
330 319 1 1 63 2 0 0 0 0
335 244 0 0 122 1 0 0 0 0
337 366 0 0 122 1 1 0 0 0
345 61 0 0 0 0 0 0 0 0
348 2 0 0 0 0 0 2 1 0
352 8 0 0 4 0 0 0 0 0
fl=/build/buildd/eglibc-2.15/elf/dl-misc.c
fn=_dl_name_match_p
305 225 1 1 0 0 0 90 7 1
306 180 0 0 45 45 0 45 21 0
307 45 0 0 0 0 0 0 0 0
309 45 0 0 45 45 0 0 0 0
311 182 0 0 0 0 0 0 0 0
312 245 2 1 49 49 0 49 12 0
313 3 0 0 0 0 0 0 0 0
315 46 0 0 46 1 0 0 0 0
317 87 0 0 0 0 0 0 0 0
318 225 0 0 135 25 0 0 0 0
fn=_dl_sysdep_read_whole_file
44 7 1 1 0 0 0 4 1 0
45 1 1 1 0 0 0 0 0 0
51 4 0 0 0 0 0 1 1 0
52 2 0 0 0 0 0 0 0 0
54 6 0 0 0 0 0 1 0 0
56 2 0 0 1 1 0 1 1 0
59 2 0 0 0 0 0 0 0 0
61 9 1 1 0 0 0 1 0 0
72 2 0 0 0 0 0 1 0 0
75 7 0 0 5 1 0 0 0 0
fl=/build/buildd/eglibc-2.15/elf/dl-object.c
fn=_dl_add_to_namespace_list
34 15 1 1 0 0 0 6 0 0
36 6 0 0 3 3 0 3 0 0
38 22 1 1 3 3 0 0 0 0
41 18 0 0 5 5 0 0 0 0
43 2 0 0 0 0 0 2 2 0
45 2 0 0 0 0 0 2 0 0
48 2 1 1 0 0 0 1 0 0
49 9 0 0 3 2 0 0 0 0
50 6 0 0 3 1 0 3 3 0
51 6 0 0 0 0 0 3 0 0
53 9 0 0 3 3 0 0 0 0
54 9 0 0 6 3 0 0 0 0
fn=_dl_new_object
61 5 0 0 0 0 0 0 0 0
63 39 1 1 0 0 0 27 2 1
64 12 0 0 0 0 0 3 0 0
70 42 1 1 6 3 0 0 0 0
77 15 0 0 0 0 0 6 0 0
80 9 1 1 3 0 0 0 0 0
83 3 0 0 0 0 0 3 3 3
84 6 0 0 0 0 0 3 3 3
88 6 0 0 0 0 0 3 1 1
89 12 0 0 0 0 0 6 3 1
91 3 1 1 0 0 0 3 0 0
93 3 0 0 0 0 0 3 3 0
94 18 0 0 6 3 3 3 1 0
97 6 0 0 3 3 0 0 0 0
98 6 1 1 0 0 0 3 3 3
99 3 1 1 0 0 0 3 2 1
103 6 0 0 3 3 0 3 2 0
106 38 0 0 0 0 0 0 0 0
108 32 0 0 0 0 0 16 5 4
118 6 0 0 0 0 0 3 0 0
119 3 1 1 0 0 0 3 3 3
122 1 0 0 0 0 0 0 0 0
124 23 1 1 6 4 1 0 0 0
126 10 0 0 0 0 0 2 0 0
129 8 0 0 0 0 0 0 0 0
133 6 0 0 2 2 0 0 0 0
137 15 0 0 2 0 0 0 0 0
145 1 1 1 0 0 0 1 1 1
148 6 0 0 0 0 0 3 0 0
151 9 1 1 3 3 0 0 0 0
153 8 0 0 0 0 0 4 1 0
157 4 0 0 0 0 0 0 0 0
161 6 0 0 0 0 0 2 0 0
162 8 0 0 0 0 0 0 0 0
207 8 1 1 2 0 0 2 0 0
212 82 0 0 0 0 0 0 0 0
213 84 0 0 42 0 0 0 0 0
215 4 0 0 0 0 0 0 0 0
218 4 0 0 0 0 0 2 0 0
221 2 0 0 0 0 0 2 2 1
225 27 1 1 21 4 0 0 0 0
fl=/build/buildd/eglibc-2.15/elf/dl-reloc.c
fn=_dl_relocate_object
152 12 0 0 0 0 0 4 0 0
154 44 1 1 0 0 0 32 8 0
161 4 0 0 0 0 0 4 4 0
164 8 0 0 0 0 0 0 0 0
165 12 0 0 0 0 0 4 0 0
169 8 0 0 0 0 0 0 0 0
170 20 1 1 4 4 0 4 0 0
176 8 0 0 4 4 0 0 0 0
182 12 0 0 4 0 0 0 0 0
184 12 1 1 8 4 0 0 0 0
186 8 0 0 4 4 0 0 0 0
194 8 1 1 4 1 0 0 0 0
239 12 0 0 8 8 0 4 3 0
265 231 3 3 83 35 1 57 15 0
268 12 0 0 4 0 0 0 0 0
308 4 0 0 4 4 0 0 0 0
311 8 0 0 4 4 0 0 0 0
328 12 0 0 4 4 0 0 0 0
330 32 0 0 28 8 0 0 0 0
336 16 0 0 8 5 0 0 0 0
337 8 1 1 4 4 0 0 0 0
338 8 0 0 0 0 0 0 0 0
341 8 0 0 0 0 0 0 0 0
342 20 1 1 0 0 0 4 4 0
fl=/build/buildd/eglibc-2.15/elf/dl-tls.c
fn=_dl_add_to_slotinfo
817 4 1 1 0 0 0 3 1 0
823 2 0 0 1 1 0 0 0 0
826 1 0 0 1 1 0 0 0 0
831 3 1 1 1 1 0 0 0 0
872 4 0 0 0 0 0 1 1 0
873 3 1 1 1 1 0 1 0 0
874 4 0 0 4 2 0 0 0 0
fn=_dl_allocate_tls_init
376 5 1 1 1 0 0 0 0 0
377 8 1 1 0 0 0 7 1 0
378 2 0 0 0 0 0 0 0 0
382 2 0 0 1 1 0 1 0 0
384 1 0 0 0 0 0 0 0 0
385 1 0 0 0 0 0 0 0 0
390 5 1 1 2 0 0 1 1 0
395 9 0 0 1 1 0 0 0 0
401 7 0 0 0 0 0 0 0 0
404 1 1 1 1 1 0 0 0 0
405 2 0 0 0 0 0 0 0 0
411 3 0 0 1 0 0 0 0 0
413 2 1 1 0 0 0 0 0 0
414 1 0 0 1 1 0 0 0 0
423 2 0 0 1 0 0 0 0 0
424 4 0 0 2 0 0 0 0 0
426 2 0 0 0 0 0 0 0 0
427 2 1 1 1 1 0 0 0 0
435 4 0 0 1 0 0 1 1 0
436 1 0 0 0 0 0 1 0 0
437 11 0 0 4 2 0 2 0 0
451 2 1 1 1 1 0 1 1 0
454 9 0 0 8 1 0 0 0 0
fn=_dl_allocate_tls_storage
296 3 1 1 1 1 0 1 1 1
297 3 0 0 0 0 0 1 1 0
298 2 0 0 0 0 0 0 0 0
307 2 0 0 0 0 0 1 1 0
329 3 1 1 0 0 0 3 0 0
331 1 0 0 1 0 0 0 0 0
342 4 0 0 1 0 0 1 0 0
343 2 0 0 0 0 0 0 0 0
350 1 0 0 0 0 0 0 0 0
354 306 1 1 0 0 0 288 36 36
371 5 0 0 4 0 0 0 0 0
fn=_dl_determine_tlsoffset
113 7 1 1 0 0 0 6 0 0
119 3 1 1 1 1 0 0 0 0
122 2 0 0 1 1 0 0 0 0
158 10 0 0 2 0 0 0 0 0
160 9 1 1 1 0 0 0 0 0
162 3 1 1 1 0 0 0 0 0
163 2 1 1 1 1 0 0 0 0
165 2 0 0 0 0 0 0 0 0
167 5 0 0 1 0 0 0 0 0
179 2 0 0 0 0 0 0 0 0
183 7 0 0 0 0 0 0 0 0
185 3 0 0 0 0 0 0 0 0
186 1 0 0 0 0 0 0 0 0
195 1 1 1 0 0 0 1 0 0
198 6 0 0 0 0 0 1 1 0
199 1 0 0 0 0 0 1 1 0
250 1 0 0 0 0 0 1 0 0
251 8 1 1 7 1 0 0 0 0
fn=_dl_next_tls_modid
51 1 1 1 0 0 0 0 0 0
54 3 0 0 2 1 0 0 0 0
102 2 0 0 0 0 0 1 0 0
106 2 0 0 1 0 0 0 0 0
fl=/build/buildd/eglibc-2.15/elf/dl-version.c
fn=_dl_check_all_versions
387 7 1 1 0 0 0 4 0 0
389 1 0 0 0 0 0 0 0 0
391 16 0 0 4 4 0 0 0 0
392 28 0 0 4 4 0 0 0 0
393 16 1 1 0 0 0 4 0 0
396 7 0 0 5 0 0 0 0 0
fn=_dl_check_map_versions
62 28 0 0 6 5 0 0 0 0
63 5 0 0 5 1 0 0 0 0
64 35 1 1 0 0 0 7 2 0
180 44 1 1 0 0 0 32 7 0
181 2 0 0 0 0 0 0 0 0
189 2 0 0 0 0 0 0 0 0
195 12 0 0 4 4 0 0 0 0
197 8 0 0 4 4 0 4 3 0
199 8 0 0 4 1 0 4 0 0
200 8 1 1 4 4 0 4 4 0
202 8 0 0 0 0 0 0 0 0
205 8 0 0 4 4 0 2 1 0
209 12 0 0 4 2 2 0 0 0
226 6 1 1 4 2 0 2 0 0
230 4 0 0 0 0 0 0 0 0
234 6 0 0 2 2 0 0 0 0
239 8 0 0 4 4 0 0 0 0
243 68 1 1 40 26 2 8 8 0
251 8 1 1 4 4 0 0 0 0
254 12 0 0 4 2 0 0 0 0
259 2 0 0 0 0 0 0 0 0
263 8 0 0 4 2 0 0 0 0
277 8 1 1 4 0 0 0 0 0
280 58 0 0 6 4 0 0 0 0
283 50 0 0 25 9 4 0 0 0
286 75 0 0 25 6 2 0 0 0
290 23 0 0 0 0 0 0 0 0
294 8 0 0 0 0 0 0 0 0
299 3 0 0 0 0 0 3 3 0
300 12 1 1 0 0 0 3 2 0
301 6 0 0 0 0 0 0 0 0
309 3 0 0 0 0 0 3 1 0
312 9 1 1 6 6 0 3 3 0
314 6 0 0 3 2 0 0 0 0
317 8 0 0 8 6 0 0 0 0
321 6 0 0 2 2 0 0 0 0
324 12 0 0 4 0 0 0 0 0
326 12 1 1 0 0 0 0 0 0
328 20 0 0 4 0 0 4 0 0
329 8 0 0 0 0 0 4 2 2
330 12 0 0 4 2 0 4 2 2
331 12 0 0 4 0 0 4 0 0
334 12 0 0 4 0 0 0 0 0
339 2 0 0 0 0 0 0 0 0
342 6 1 1 2 0 0 0 0 0
352 6 0 0 3 3 0 0 0 0
355 10 0 0 8 6 0 0 0 0
359 25 0 0 25 6 0 0 0 0
361 50 0 0 25 7 0 0 0 0
365 23 0 0 23 0 0 0 0 0
366 115 0 0 23 0 0 23 6 6
367 69 0 0 23 2 0 23 0 0
368 23 0 0 0 0 0 23 4 3
371 77 1 1 25 0 0 0 0 0
375 23 0 0 0 0 0 0 0 0
381 36 0 0 28 7 0 0 0 0
fn=match_symbol
82 52 2 2 0 0 0 28 4 0
83 8 0 0 8 8 0 0 0 0
91 8 0 0 4 4 0 0 0 0
97 12 0 0 4 4 0 0 0 0
112 4 0 0 4 4 0 0 0 0
113 8 1 1 0 0 0 0 0 0
115 4 0 0 4 4 0 0 0 0
120 36 0 0 18 6 3 0 0 0
134 36 0 0 18 3 2 0 0 0
136 4 1 1 4 1 0 0 0 0
139 32 0 0 8 0 0 8 4 0
142 4 1 1 0 0 0 0 0 0
146 42 0 0 14 2 2 0 0 0
150 14 0 0 0 0 0 0 0 0
174 32 0 0 28 4 0 0 0 0
fl=/build/buildd/eglibc-2.15/elf/do-rel.h
fn=_dl_relocate_object
56 16 0 0 8 0 0 0 0 0
57 8 0 0 8 8 0 0 0 0
67 24 1 1 8 0 0 0 0 0
70 96 0 0 0 0 0 0 0 0
72 81 1 1 27 15 9 0 0 0
74 17 0 0 0 0 0 0 0 0
83 6 1 1 0 0 0 0 0 0
84 21 0 0 1 1 0 0 0 0
85 10 0 0 5 5 0 0 0 0
93 15 1 1 10 9 0 5 2 0
95 10 0 0 0 0 0 0 0 0
107 15 1 1 0 0 0 0 0 0
117 9 1 1 1 1 1 0 0 0
120 3600 0 0 0 0 0 0 0 0
121 2396 0 0 1198 149 149 0 0 0
127 15 0 0 5 5 0 0 0 0
130 8 1 1 4 4 0 4 1 0
133 310 2 2 102 99 0 3 3 0
136 480 1 1 96 50 22 0 0 0
145 288 0 0 192 120 40 0 0 0
146 548 0 0 96 0 0 96 96 0
147 178 0 0 96 96 0 0 0 0
148 192 0 0 192 6 0 0 0 0
152 6 0 0 0 0 0 0 0 0
169 21 4 4 5 4 0 4 2 0
171 15 1 1 3 2 1 0 0 0
179 15 0 0 3 0 0 3 3 0
180 6 0 0 6 0 0 0 0 0
183 2 0 0 0 0 0 0 0 0
184 8 1 1 8 2 0 0 0 0
fn=_dl_start
92 1 0 0 1 1 0 0 0 0
93 1 0 0 1 1 0 0 0 0
95 2 0 0 0 0 0 0 0 0
120 44 0 0 0 0 0 0 0 0
121 28 0 0 14 2 2 0 0 0
125 2 1 1 1 1 0 0 0 0
133 28 0 0 0 0 0 0 0 0
146 32 0 0 8 2 2 0 0 0
148 16 0 0 8 0 0 0 0 0
fl=/build/buildd/eglibc-2.15/elf/dynamic-link.h
fn=_dl_map_object_from_fd
115 4 0 0 0 0 0 0 0 0
119 2 0 0 0 0 0 0 0 0
121 129 0 0 43 12 12 0 0 0
123 82 1 1 0 0 0 0 0 0
128 42 0 0 0 0 0 0 0 0
129 65 0 0 0 0 0 39 17 10
130 8 0 0 0 0 0 0 0 0
133 10 1 1 0 0 0 0 0 0
136 10 0 0 0 0 0 0 0 0
137 2 0 0 0 0 0 0 0 0
138 6 0 0 0 0 0 2 2 0
139 41 0 0 0 0 0 0 0 0
146 4 1 1 0 0 0 0 0 0
166 7 0 0 3 3 0 0 0 0
167 8 0 0 4 2 0 0 0 0
168 8 0 0 4 1 0 0 0 0
169 8 1 1 4 0 0 0 0 0
171 8 0 0 4 2 0 0 0 0
176 8 0 0 4 2 0 0 0 0
177 7 0 0 3 3 1 0 0 0
178 8 1 1 4 4 0 0 0 0
184 6 0 0 2 2 0 0 0 0
189 4 0 0 2 2 0 0 0 0
196 4 0 0 2 2 0 0 0 0
197 6 0 0 4 2 0 0 0 0
213 6 1 1 2 2 1 0 0 0
218 3 0 0 1 1 0 1 1 1
220 2 0 0 0 0 0 0 0 0
222 2 0 0 0 0 0 0 0 0
224 2 0 0 0 0 0 0 0 0
227 6 1 1 2 2 0 0 0 0
229 2 0 0 1 0 0 1 1 0
231 2 0 0 0 0 0 0 0 0
234 4 0 0 2 1 0 0 0 0
fn=_dl_start
121 64 0 0 22 7 6 0 0 0
123 40 0 0 0 0 0 0 0 0
124 30 0 0 0 0 0 15 7 4
128 21 1 1 0 0 0 0 0 0
129 17 1 1 0 0 0 4 3 3
130 4 1 1 0 0 0 0 0 0
133 5 1 1 0 0 0 0 0 0
136 5 2 2 0 0 0 0 0 0
137 1 0 0 0 0 0 0 0 0
138 4 0 0 0 0 0 1 1 1
139 20 0 0 0 0 0 0 0 0
146 2 0 0 0 0 0 0 0 0
166 4 1 1 2 2 0 0 0 0
167 4 0 0 2 1 0 0 0 0
168 4 0 0 2 2 0 0 0 0
169 4 0 0 2 0 0 0 0 0
171 4 1 1 2 1 0 0 0 0
176 4 0 0 2 2 0 0 0 0
177 4 0 0 2 2 0 0 0 0
178 4 0 0 2 2 0 0 0 0
184 3 1 1 1 1 0 0 0 0
189 2 0 0 1 1 0 0 0 0
196 3 0 0 1 1 0 0 0 0
197 3 0 0 2 1 0 0 0 0
205 3 0 0 1 1 0 0 0 0
207 3 1 1 1 1 0 0 0 0
210 2 0 0 1 0 0 0 0 0
211 2 0 0 1 1 0 0 0 0
fn=dl_main
106 1 0 0 1 1 0 0 0 0
115 2 0 0 0 0 0 0 0 0
119 1 0 0 0 0 0 0 0 0
121 62 1 1 20 6 6 0 0 0
123 38 0 0 0 0 0 0 0 0
128 17 0 0 0 0 0 0 0 0
129 29 0 0 0 0 0 18 9 5
130 4 0 0 0 0 0 0 0 0
133 5 2 2 0 0 0 0 0 0
136 5 2 2 0 0 0 0 0 0
137 1 0 0 0 0 0 0 0 0
138 3 0 0 0 0 0 1 1 0
139 19 0 0 0 0 0 0 0 0
146 3 0 0 1 1 0 0 0 0
184 3 1 1 1 1 0 0 0 0
189 2 0 0 1 1 0 0 0 0
196 2 0 0 1 1 0 0 0 0
197 3 0 0 2 1 0 0 0 0
213 3 0 0 1 1 0 0 0 0
227 3 1 1 1 1 0 0 0 0
234 2 1 1 1 0 0 0 0 0
fl=/build/buildd/eglibc-2.15/elf/rtld.c
fn=_dl_initial_error_catch_tsd
804 8 0 0 4 0 0 0 0 0
fn=_dl_start
291 68 3 3 1 1 0 1 0 0
303 2 1 1 0 0 0 1 1 1
304 2 0 0 0 0 0 1 1 0
305 2 0 0 0 0 0 1 1 1
306 2 0 0 0 0 0 1 0 0
307 2 0 0 0 0 0 1 0 0
328 5 0 0 0 0 0 1 1 1
332 1 0 0 0 0 0 1 1 0
338 4 1 1 0 0 0 1 1 0
347 4 0 0 0 0 0 0 0 0
350 2 0 0 1 1 0 1 1 0
354 2 0 0 1 1 0 0 0 0
367 4 0 0 0 0 0 0 0 0
368 9 1 1 0 0 0 6 1 1
386 5 1 1 0 0 0 1 1 1
412 1 0 0 0 0 0 1 1 1
415 3 0 0 1 1 1 1 0 0
543 3 1 1 1 1 0 0 0 0
548 24 2 2 9 6 0 0 0 0
550 1 0 0 1 1 1 0 0 0
575 9 0 0 7 1 0 0 0 0
fn=dl_main
725 2 0 0 1 1 0 1 0 0
729 5 1 1 1 1 0 1 1 0
892 42 0 0 0 0 0 0 0 0
896 12 1 1 0 0 0 7 1 1
902 1 0 0 0 0 0 0 0 0
904 2 0 0 0 0 0 0 0 0
905 1 0 0 0 0 0 0 0 0
911 1 0 0 0 0 0 0 0 0
915 2 0 0 0 0 0 1 1 0
918 2 1 1 0 0 0 1 1 1
922 2 0 0 0 0 0 1 0 0
923 2 1 1 0 0 0 1 0 0
928 2 0 0 0 0 0 1 1 1
931 2 0 0 0 0 0 1 1 1
938 3 0 0 1 1 0 0 0 0
1125 8 1 1 0 0 0 1 0 0
1127 2 0 0 0 0 0 0 0 0
1128 1 1 1 0 0 0 1 1 1
1129 1 0 0 0 0 0 1 0 0
1130 2 0 0 1 1 0 1 0 0
1134 3 0 0 0 0 0 1 1 0
1135 4 0 0 1 1 0 0 0 0
1156 1 0 0 0 0 0 1 1 0
1157 1 0 0 0 0 0 1 0 0
1159 1 0 0 0 0 0 1 0 0
1161 1 0 0 1 1 0 0 0 0
1164 35 2 2 2 1 0 0 0 0
1165 71 1 1 9 5 5 0 0 0
1169 3 1 1 1 0 0 1 1 0
1170 1 0 0 0 0 0 0 0 0
1174 3 1 1 2 0 0 1 0 0
1175 1 1 1 0 0 0 0 0 0
1183 1 0 0 0 0 0 1 1 1
1184 2 1 1 2 1 1 0 0 0
1186 2 0 0 0 0 0 1 1 0
1193 2 0 0 1 1 0 0 0 0
1211 1 0 0 0 0 0 0 0 0
1219 2 0 0 2 1 0 0 0 0
1220 10 1 1 3 2 1 0 0 0
1221 4 1 1 2 1 0 0 0 0
1222 1 0 0 0 0 0 1 0 0
1225 4 0 0 4 1 1 0 0 0
1226 4 0 0 2 0 0 0 0 0
1227 2 0 0 0 0 0 2 0 0
1228 6 0 0 3 0 0 0 0 0
1229 2 0 0 0 0 0 1 0 0
1246 3 1 1 1 1 0 0 0 0
1256 2 0 0 1 0 0 1 1 0
1257 1 0 0 0 0 0 0 0 0
1260 2 1 1 1 0 0 1 1 0
1261 2 0 0 1 0 0 1 0 0
1262 1 0 0 0 0 0 0 0 0
1267 3 0 0 1 1 1 0 0 0
1270 2 0 0 0 0 0 0 0 0
1272 2 0 0 0 0 0 0 0 0
1274 2 1 1 1 1 0 0 0 0
1287 3 0 0 1 1 0 0 0 0
1288 9 1 1 5 4 0 1 1 0
1293 1 0 0 0 0 0 1 0 0
1295 1 1 1 0 0 0 1 1 1
1296 1 0 0 0 0 0 1 0 0
1298 2 0 0 1 1 0 0 0 0
1299 2 0 0 0 0 0 1 0 0
1303 2 1 1 1 1 0 0 0 0
1305 2 0 0 0 0 0 0 0 0
1310 2 0 0 0 0 0 1 1 0
1313 2 0 0 1 1 0 0 0 0
1329 2 0 0 0 0 0 1 1 0
1333 2 0 0 1 1 0 0 0 0
1427 9 2 2 1 1 0 2 1 0
1432 2 0 0 1 1 0 1 0 0
1435 4 0 0 1 1 0 2 1 1
1437 1 0 0 0 0 0 1 0 0
1442 2 0 0 1 1 0 0 0 0
1445 4 2 2 2 2 0 1 0 0
1446 4 1 1 1 1 0 1 1 0
1447 2 0 0 0 0 0 1 1 0
1448 1 0 0 0 0 0 1 1 0
1449 1 0 0 1 1 0 0 0 0
1450 1 0 0 1 1 0 0 0 0
1455 2 0 0 1 1 0 0 0 0
1456 4 0 0 1 0 0 1 0 0
1460 1 1 1 1 1 0 0 0 0
1462 2 0 0 1 1 1 0 0 0
1463 1 0 0 0 0 0 1 1 0
1464 2 0 0 1 0 0 1 1 1
1468 1 0 0 0 0 0 0 0 0
1469 3 0 0 0 0 0 0 0 0
1470 4 1 1 1 1 1 0 0 0
1472 2 0 0 1 0 0 1 1 1
1473 2 0 0 1 0 0 1 0 0
1478 2 0 0 1 0 0 0 0 0
1483 3 1 1 1 1 0 0 0 0
1664 3 0 0 1 1 0 0 0 0
1667 2 0 0 1 1 0 1 1 0
1671 3 0 0 1 1 0 0 0 0
1676 2 1 1 1 0 0 1 1 0
1677 1 0 0 0 0 0 1 1 0
1681 3 0 0 1 1 0 0 0 0
1696 3 0 0 2 2 0 0 0 0
1698 1 0 0 0 0 0 0 0 0
1700 3 0 0 1 1 0 0 0 0
1707 11 2 2 0 0 0 3 3 0
1710 7 0 0 0 0 0 1 1 0
1713 12 0 0 0 0 0 2 0 0
1714 2 0 0 1 0 0 0 0 0
1715 3 1 1 1 1 0 0 0 0
1717 6 0 0 0 0 0 1 0 0
1719 4 0 0 0 0 0 0 0 0
1720 2 1 1 2 2 0 0 0 0
1721 3 0 0 0 0 0 1 0 0
1731 5 1 1 0 0 0 1 0 0
1808 4 0 0 2 1 0 0 0 0
1812 8 1 1 0 0 0 0 0 0
1813 1 0 0 0 0 0 0 0 0
1816 3 1 1 0 0 0 1 0 0
1817 1 0 0 1 1 0 0 0 0
1818 2 0 0 0 0 0 0 0 0
1819 2 0 0 0 0 0 0 0 0
1825 5 0 0 0 0 0 0 0 0
1826 7 1 1 1 1 0 1 0 0
1827 4 0 0 0 0 0 0 0 0
1829 2 0 0 1 1 0 0 0 0
1832 13 0 0 2 1 0 0 0 0
1833 16 1 1 8 5 0 0 0 0
1836 3 0 0 2 1 0 1 1 0
1837 3 0 0 1 0 0 0 0 0
1838 1 0 0 0 0 0 1 1 0
1840 9 1 1 0 0 0 0 0 0
1841 13 2 2 4 1 0 0 0 0
1851 2 0 0 0 0 0 1 1 0
1853 2 0 0 1 0 0 1 1 0
1854 3 0 0 1 1 0 0 0 0
1856 2 0 0 0 0 0 1 0 0
1858 3 0 0 0 0 0 0 0 0
1860 3 0 0 1 1 0 0 0 0
1861 1 0 0 1 1 0 0 0 0
1874 2 1 1 0 0 0 0 0 0
1875 2 0 0 0 0 0 1 0 0
1876 3 0 0 1 0 0 0 0 0
1887 5 0 0 1 1 0 1 0 0
1888 4 0 0 0 0 0 1 0 0
1889 4 1 1 0 0 0 1 1 0
1899 2 0 0 1 1 0 1 1 0
1900 2 0 0 0 0 0 0 0 0
1903 2 1 1 1 0 0 0 0 0
1906 1 0 0 0 0 0 1 0 0
1908 3 0 0 1 1 0 0 0 0
2136 3 0 0 1 1 0 0 0 0
2138 1 0 0 1 1 0 0 0 0
2192 2 1 1 0 0 0 1 1 0
2196 4 1 1 2 1 0 2 1 0
2200 2 0 0 1 1 0 1 1 0
2203 2 0 0 0 0 0 0 0 0
2211 2 0 0 0 0 0 0 0 0
2257 4 0 0 1 0 0 1 1 0
2264 1 0 0 1 0 0 0 0 0
2266 5 1 1 0 0 0 0 0 0
2267 5 0 0 1 0 0 1 1 0
2268 14 0 0 0 0 0 0 0 0
2270 12 0 0 8 8 0 0 0 0
2275 8 0 0 8 8 0 0 0 0
2277 10 1 1 0 0 0 0 0 0
2279 1 1 1 0 0 0 1 1 0
2280 1 0 0 1 0 0 0 0 0
2282 4 0 0 4 4 0 0 0 0
2284 12 0 0 0 0 0 0 0 0
2285 24 0 0 9 9 0 3 3 0
2289 10 0 0 5 5 0 0 0 0
2290 3 0 0 0 0 0 1 0 0
2292 4 0 0 0 0 0 0 0 0
2294 2 0 0 0 0 0 1 1 0
2300 2 0 0 1 1 0 0 0 0
2309 4 1 1 2 2 0 0 0 0
2310 1 0 0 1 1 0 0 0 0
2315 2 0 0 0 0 0 1 1 0
2319 2 0 0 1 1 0 0 0 0
2333 3 1 1 2 2 0 0 0 0
2335 4 0 0 1 1 0 0 0 0
2350 5 1 1 0 0 0 0 0 0
2352 1 0 0 1 1 0 0 0 0
2353 5 0 0 1 1 0 1 1 0
2354 4 0 0 0 0 0 0 0 0
2356 2 0 0 1 1 0 0 0 0
2364 1 0 0 0 0 0 1 0 0
2368 3 0 0 1 1 0 0 0 0
2388 3 0 0 0 0 0 1 0 0
2389 1 0 0 0 0 0 1 0 0
2390 1 0 0 0 0 0 1 0 0
2394 1 0 0 0 0 0 1 0 0
2399 8 0 0 7 1 0 0 0 0
fn=do_preload
810 6 1 1 0 0 0 3 0 0
812 1 1 1 0 0 0 1 0 0
816 1 0 0 0 0 0 1 1 0
817 1 0 0 0 0 0 1 0 0
818 1 0 0 0 0 0 1 0 0
820 1 0 0 1 1 0 0 0 0
822 6 0 0 0 0 0 1 0 0
823 2 0 0 1 0 0 0 0 0
833 3 0 0 1 1 0 0 0 0
837 5 1 1 4 0 0 0 0 0
fn=init_tls.part.3
722 1 0 0 0 0 0 1 0 0
735 3 0 0 1 0 0 1 1 0
738 1 0 0 0 0 0 1 1 0
739 4 0 0 0 0 0 1 0 0
746 1 0 0 0 0 0 1 1 1
750 2 1 1 1 1 1 0 0 0
751 2 0 0 0 0 0 0 0 0
752 11 1 1 1 1 0 0 0 0
753 4 0 0 4 4 0 0 0 0
754 8 0 0 4 4 0 0 0 0
758 4 0 0 0 0 0 1 1 0
760 1 0 0 0 0 0 0 0 0
762 3 0 0 0 0 0 0 0 0
765 1 0 0 0 0 0 1 1 0
772 2 0 0 0 0 0 1 0 0
773 2 1 1 0 0 0 0 0 0
779 2 0 0 1 0 0 1 1 0
787 7 1 1 0 0 0 2 0 0
791 1 0 0 0 0 0 1 1 0
794 3 0 0 2 1 0 0 0 0
fn=map_doit
631 2 1 1 0 0 0 1 0 0
633 8 1 1 3 1 0 2 1 0
635 2 0 0 2 0 0 0 0 0
fn=process_envvars
2560 9 2 2 0 0 0 6 1 1
2561 2 0 0 1 1 0 1 1 0
2563 1 0 0 0 0 0 0 0 0
2564 1 0 0 0 0 0 0 0 0
2568 7 0 0 1 1 0 1 1 1
2570 15 1 1 0 0 0 3 1 1
2574 103 0 0 21 0 0 0 0 0
2575 19 0 0 0 0 0 0 0 0
2577 4 0 0 0 0 0 0 0 0
2583 13 0 0 2 2 1 0 0 0
2606 6 2 2 0 0 0 1 0 0
2613 6 0 0 0 0 0 1 0 0
2615 2 0 0 0 0 0 1 1 1
2616 1 0 0 0 0 0 0 0 0
2659 6 1 1 0 0 0 1 1 0
2661 2 1 1 0 0 0 1 1 0
2662 1 0 0 0 0 0 0 0 0
2732 1 0 0 0 0 0 1 1 1
2736 3 1 1 1 1 0 0 0 0
2769 2 0 0 0 0 0 0 0 0
2791 8 0 0 7 2 0 0 0 0
fn=rtld_lock_default_lock_recursive
844 4 1 1 4 3 1 0 0 0
845 4 0 0 4 0 0 0 0 0
fn=rtld_lock_default_unlock_recursive
850 4 0 0 4 4 0 0 0 0
851 4 0 0 4 0 0 0 0 0
fn=security_init
857 2 1 1 0 0 0 1 0 0
859 1 0 0 1 1 0 0 0 0
861 1 0 0 0 0 0 1 1 0
867 3 0 0 1 1 0 0 0 0
869 1 1 1 1 1 0 0 0 0
872 1 0 0 0 0 0 1 1 0
874 1 0 0 0 0 0 1 1 0
880 1 0 0 0 0 0 1 1 0
881 3 0 0 2 1 0 0 0 0
fn=version_check_doit
663 2 1 1 0 0 0 1 0 0
665 6 0 0 2 2 0 1 1 0
669 2 0 0 2 1 0 0 0 0
fl=/build/buildd/eglibc-2.15/io/../sysdeps/unix/syscall-template.S
fn=__open_nocancel
82 5 0 0 1 1 0 0 0 0
fn=__write_nocancel
82 6350 1 1 1270 0 0 0 0 0
fn=access
82 12 1 1 0 0 0 0 0 0
83 3 0 0 3 0 0 0 0 0
84 18 0 0 0 0 0 3 3 1
fn=close
82 12 0 0 0 0 0 0 0 0
83 3 0 0 3 0 0 0 0 0
fn=open
82 30 2 2 1 1 0 0 0 0
83 7 0 0 7 0 0 0 0 0
84 24 0 0 0 0 0 4 4 0
fn=read
82 8 1 1 0 0 0 0 0 0
83 2 0 0 2 0 0 0 0 0
fn=write
82 2540 1 1 1270 1270 0 0 0 0
fl=/build/buildd/eglibc-2.15/io/../sysdeps/unix/sysv/linux/wordsize-64/fxstat.c
fn=_fxstat
36 4 0 0 0 0 0 0 0 0
37 8 2 2 0 0 0 0 0 0
38 24 0 0 0 0 0 0 0 0
42 4 0 0 4 0 0 0 0 0
fl=/build/buildd/eglibc-2.15/io/../sysdeps/unix/sysv/linux/wordsize-64/xstat.c
fn=_xstat
36 4 0 0 0 0 0 0 0 0
37 8 1 1 0 0 0 0 0 0
38 36 0 0 3 0 0 3 3 0
42 1 0 0 1 0 0 0 0 0
fl=/build/buildd/eglibc-2.15/libio/filedoalloc.c
fn=_IO_file_doallocate
99 5 1 1 0 0 0 3 0 0
113 2 0 0 0 0 0 0 0 0
114 9 0 0 3 1 0 1 1 0
116 4 1 1 1 1 0 0 0 0
127 4 0 0 1 0 0 0 0 0
128 3 0 0 0 0 0 0 0 0
131 9 1 1 0 0 0 1 0 0
132 5 0 0 0 0 0 1 0 0
133 1 0 0 0 0 0 0 0 0
134 5 1 1 4 1 0 0 0 0
fl=/build/buildd/eglibc-2.15/libio/fileops.c
fn=_IO_do_write@@GLIBC_2.2.5
514 538 0 0 0 0 0 269 0 0
516 2152 2 2 0 0 0 269 0 0
517 538 0 0 538 0 0 0 0 0
fn=_IO_file_overflow@@GLIBC_2.2.5
850 1350 1 1 0 0 0 810 259 0
851 810 0 0 270 270 0 0 0 0
858 1616 0 0 538 258 0 0 0 0
861 2 1 1 1 1 0 0 0 0
863 2 1 1 0 0 0 1 0 0
864 6 0 0 2 0 0 3 0 0
873 2 0 0 0 0 0 0 0 0
882 4 0 0 2 0 0 0 0 0
884 1 0 0 0 0 0 1 0 0
885 1 0 0 0 0 0 1 0 0
886 1 0 0 0 0 0 1 0 0
887 2 0 0 0 0 0 2 0 0
889 2 0 0 0 0 0 1 0 0
890 6 1 1 1 1 0 0 0 0
893 540 1 1 0 0 0 0 0 0
894 22 0 0 0 0 0 0 0 0
895 11 0 0 0 0 0 0 0 0
896 518 0 0 259 0 0 0 0 0
897 3354 3 3 516 258 0 258 258 0
898 258 0 0 0 0 0 0 0 0
899 777 0 0 0 0 0 518 259 0
900 777 0 0 259 0 0 0 0 0
901 548 0 0 0 0 0 0 0 0
905 259 0 0 0 0 0 0 0 0
906 1069 0 0 1069 518 0 0 0 0
fn=_IO_file_setbuf@@GLIBC_2.2.5
466 2 1 1 0 0 0 1 0 0
467 3 0 0 0 0 0 1 0 0
470 2 0 0 0 0 0 2 0 0
471 2 0 0 1 0 0 1 0 0
472 3 1 1 0 0 0 3 0 0
475 3 0 0 2 0 0 0 0 0
fn=_IO_file_stat
1246 1 1 1 0 0 0 0 0 0
1248 3 0 0 1 1 0 0 0 0
fn=_IO_file_sync@@GLIBC_2.2.5
912 2 1 1 0 0 0 1 0 0
917 4 1 1 2 1 0 0 0 0
919 1 0 0 1 0 0 0 0 0
920 2 0 0 1 0 0 0 0 0
937 2 1 1 0 0 0 1 1 0
941 2 0 0 2 0 0 0 0 0
fn=_IO_file_write@@GLIBC_2.2.5
1282 2152 2 1 0 0 0 1076 11 0
1284 2690 269 1 0 0 0 0 0 0
1288 807 0 0 269 0 0 0 0 0
1289 807 1 1 269 269 0 269 258 0
1290 538 0 0 0 0 0 0 0 0
1295 269 0 0 0 0 0 0 0 0
1296 269 0 0 0 0 0 0 0 0
1299 807 0 0 269 11 0 0 0 0
1302 1614 0 0 1345 258 0 0 0 0
fn=_IO_file_xsputn@@GLIBC_2.2.5
1305 99088 1 1 0 0 0 0 0 0
1309 81081 1 1 0 0 0 45045 9009 0
1315 18018 0 0 0 0 0 0 0 0
1316 9009 0 0 0 0 0 0 0 0
1322 36036 1 1 9009 9009 0 0 0 0
1339 45045 0 0 18018 9009 0 0 0 0
1340 18016 1 1 0 0 0 0 0 0
1343 54048 1 1 0 0 0 0 0 0
1347 18016 0 0 0 0 0 0 0 0
1359 9008 1 1 0 0 0 0 0 0
1361 92446 0 0 0 0 0 0 0 0
1362 125157 1 1 41719 9008 0 41719 9511 3
1363 18016 0 0 0 0 0 9008 2582 0
1365 27024 0 0 0 0 0 0 0 0
1367 27024 0 0 0 0 0 0 0 0
1371 60 0 0 20 20 0 10 10 0
1378 20 0 0 20 0 0 0 0 0
1379 60 0 0 0 0 0 0 0 0
1381 30 0 0 0 0 0 0 0 0
1392 20 0 0 0 0 0 0 0 0
1393 60 0 0 0 0 0 10 0 0
1395 18018 0 0 0 0 0 0 0 0
1396 63063 1 1 54054 13765 0 0 0 0
fn=new_do_write
526 2152 1 1 0 0 0 1076 269 0
528 807 0 0 269 0 0 0 0 0
535 1076 537 2 538 258 0 0 0 0
543 1614 1 1 538 538 0 269 269 0
544 1345 0 0 269 0 0 0 0 0
547 1076 0 0 269 269 0 807 269 0
548 538 0 0 0 0 0 538 0 0
549 269 0 0 0 0 0 269 0 0
550 807 2 1 269 0 0 0 0 0
551 1076 0 0 538 0 0 0 0 0
553 1883 0 0 1345 538 0 0 0 0
fl=/build/buildd/eglibc-2.15/libio/genops.c
fn=_IO_cleanup
951 12 0 0 4 3 0 0 0 0
953 12 1 1 3 2 0 0 0 0
954 4 0 0 0 0 0 0 0 0
955 2 0 0 0 0 0 0 0 0
957 3 0 0 1 1 0 0 0 0
962 18 1 1 6 4 0 2 0 0
969 5 0 0 2 1 0 0 0 0
971 2 1 1 0 0 0 1 0 0
973 2 0 0 1 0 0 1 0 0
974 1 0 0 0 0 0 1 0 0
975 2 0 0 1 1 0 1 1 0
976 4 0 0 1 1 0 1 0 0
979 5 0 0 2 1 0 1 1 0
981 5 1 1 1 1 0 0 0 0
982 11 1 1 3 2 0 2 0 0
987 3 1 1 0 0 0 3 3 0
1007 8 1 1 0 0 0 6 0 0
1010 3 0 0 0 0 0 1 1 0
1022 9 1 1 7 1 0 0 0 0
fn=_IO_default_setbuf
562 7 1 1 0 0 0 3 0 0
563 4 0 0 2 2 0 1 0 0
565 2 0 0 0 0 0 0 0 0
567 1 0 0 1 0 0 0 0 0
568 5 1 1 0 0 0 1 0 0
575 3 0 0 0 0 0 3 0 0
576 3 1 1 0 0 0 3 0 0
578 6 0 0 4 0 0 0 0 0
fn=_IO_default_xsputn
448 42112 2 2 0 0 0 0 0 0
452 49119 1 1 0 0 0 35085 0 0
455 32082 0 0 0 0 0 0 0 0
456 7017 0 0 0 0 0 0 0 0
460 24064 1 1 12032 3003 0 0 0 0
462 18048 0 0 0 0 0 0 0 0
465 12032 0 0 0 0 0 0 0 0
475 12032 0 0 0 0 0 0 0 0
479 40964 0 0 0 0 0 0 0 0
480 34374 0 0 11458 6016 0 11458 6016 0
481 12032 0 0 0 0 0 6016 3007 0
483 6016 0 0 0 0 0 0 0 0
485 12032 0 0 0 0 0 0 0 0
489 12032 0 0 0 0 0 0 0 0
490 42102 1 1 42102 10 0 0 0 0
fn=_IO_doallocbuf
419 2 1 1 0 0 0 1 0 0
420 2 0 0 1 0 0 0 0 0
422 2 0 0 1 0 0 0 0 0
423 5 1 1 2 2 0 1 1 0
426 2 0 0 2 0 0 0 0 0
fn=_IO_flush_all_lockp
823 8 2 2 0 0 0 6 0 0
824 1 1 1 0 0 0 0 0 0
829 3 0 0 0 0 0 0 0 0
834 1 0 0 1 1 0 0 0 0
835 1 1 1 1 1 0 0 0 0
836 8 0 0 0 0 0 0 0 0
838 3 0 0 0 0 0 3 1 1
839 6 0 0 0 0 0 0 0 0
840 2 0 0 1 1 0 0 0 0
842 20 2 2 9 6 2 0 0 0
849 4 0 0 2 1 0 1 1 0
850 2 0 0 0 0 0 0 0 0
852 6 1 1 0 0 0 0 0 0
854 3 0 0 0 0 0 3 1 0
856 9 1 1 3 2 0 0 0 0
863 3 0 0 3 3 1 0 0 0
867 2 0 0 0 0 0 0 0 0
869 2 1 1 0 0 0 0 0 0
873 9 0 0 7 1 0 0 0 0
fn=_IO_no_init
648 9009 2 2 0 0 0 4004 0 0
649 1001 0 0 0 0 0 1001 1001 0
650 1001 0 0 0 0 0 1001 1001 0
652 2002 0 0 0 0 0 0 0 0
670 1001 1 1 0 0 0 1001 0 0
671 6006 0 0 5005 0 0 0 0 0
fn=_IO_old_init
615 2002 0 0 0 0 0 1001 0 0
616 1001 0 0 0 0 0 1001 0 0
617 1001 0 0 0 0 0 1001 1001 0
618 1001 0 0 0 0 0 1001 0 0
619 1001 0 0 0 0 0 1001 0 0
620 1001 0 0 0 0 0 1001 0 0
621 1001 1 1 0 0 0 1001 0 0
622 1001 0 0 0 0 0 1001 0 0
623 1001 0 0 0 0 0 1001 0 0
624 1001 0 0 0 0 0 1001 0 0
625 1001 0 0 0 0 0 1001 0 0
627 1001 0 0 0 0 0 1001 0 0
628 1001 0 0 0 0 0 1001 0 0
629 1001 0 0 0 0 0 1001 0 0
630 1001 0 0 0 0 0 1001 0 0
631 1001 0 0 0 0 0 1001 0 0
636 3003 1 1 1001 0 0 0 0 0
637 1001 0 0 1001 0 0 0 0 0
fn=_IO_setb
404 5015 1 1 0 0 0 2006 1 0
405 4014 0 0 2006 1003 0 0 0 0
407 1003 0 0 0 0 0 1003 0 0
408 1003 0 0 0 0 0 1003 0 0
410 5015 1 1 0 0 0 0 0 0
412 1003 0 0 0 0 0 1003 0 0
413 4012 0 0 3009 0 0 0 0 0
fn=__overflow
246 777 1 1 259 259 0 0 0 0
247 1 0 0 0 0 0 1 0 0
248 777 0 0 518 259 0 0 0 0
fl=/build/buildd/eglibc-2.15/libio/iovsprintf.c
fn=vsprintf
33 7007 538 2 0 0 0 3003 0 0
38 1001 0 0 0 0 0 1001 1001 0
40 6006 0 0 0 0 0 1001 1001 0
41 2002 1 1 0 0 0 1001 1001 0
42 5005 0 0 0 0 0 1001 0 0
43 5005 0 0 0 0 0 1001 0 0
44 4004 0 0 2002 1001 0 1001 1001 0
46 6006 1 1 4004 1001 0 0 0 0
fl=/build/buildd/eglibc-2.15/libio/libioP.h
fn=putchar
984 3171168 0 0 1057056 1056797 0 0 0 0
985 11627616 0 0 4228224 2114371 0 2114112 0 0
fl=/build/buildd/eglibc-2.15/libio/putchar.c
fn=putchar
27 2114112 12 1 0 0 0 1057056 0 0
29 19027008 2 2 10570560 7399392 1 1057056 0 0
30 7399392 1 1 2114112 1057056 1 2113853 1057056 60
33 3171168 0 0 2114112 1057056 0 0 0 0
fl=/build/buildd/eglibc-2.15/libio/strops.c
fn=_IO_str_init_static_internal
40 8008 1 1 0 0 0 4004 0 0
44 2002 0 0 0 0 0 0 0 0
46 1001 1 1 0 0 0 0 0 0
47 4004 0 0 0 0 0 0 0 0
50 5005 1 1 0 0 0 1001 0 0
52 1001 0 0 0 0 0 1001 0 0
53 1001 0 0 0 0 0 1001 0 0
54 1001 0 0 0 0 0 1001 0 0
55 2002 0 0 0 0 0 0 0 0
57 1001 0 0 0 0 0 1001 0 0
58 1001 0 0 0 0 0 1001 0 0
59 1001 0 0 0 0 0 1001 0 0
68 1001 0 0 0 0 0 1001 0 0
69 6006 0 0 5005 0 0 0 0 0
fl=/build/buildd/eglibc-2.15/malloc/malloc.c
fn=free
2861 4004 1 1 4004 2002 0 0 0 0
2957 8008 1 1 8008 5005 1 0 0 0
2958 8008 0 0 0 0 0 0 0 0
2963 8008 0 0 0 0 0 0 0 0
fl=/build/buildd/eglibc-2.15/misc/../sysdeps/unix/syscall-template.S
fn=mmap
82 50 2 2 0 0 0 0 0 0
83 10 0 0 10 0 0 0 0 0
fn=mprotect
82 24 1 1 0 0 0 0 0 0
83 6 0 0 6 0 0 0 0 0
fn=munmap
82 4 1 1 0 0 0 0 0 0
83 1 0 0 1 0 0 0 0 0
fl=/build/buildd/eglibc-2.15/misc/init-misc.c
fn=__init_misc
31 4 1 1 0 0 0 2 0 0
32 5 1 1 1 1 0 0 0 0
34 3 0 0 0 0 0 1 1 0
38 5 0 0 1 1 0 1 1 0
39 3 0 0 2 1 0 1 0 0
41 4 1 1 3 1 0 0 0 0
fl=/build/buildd/eglibc-2.15/nptl/../nptl/sysdeps/unix/sysv/linux/unregister-atfork.c
fn=__unregister_atfork
29 3 0 0 0 0 0 1 0 0
37 1 1 1 1 1 1 0 0 0
40 2 0 0 0 0 0 0 0 0
122 2 0 0 2 0 0 0 0 0
fl=/build/buildd/eglibc-2.15/posix/../sysdeps/unix/syscall-template.S
fn=uname
82 4 1 1 0 0 0 0 0 0
83 1 0 0 1 0 0 0 0 0
fl=/build/buildd/eglibc-2.15/posix/../sysdeps/unix/sysv/linux/_exit.c
fn=_Exit
29 2 1 1 1 1 0 0 0 0
33 4 1 1 0 0 0 0 0 0
35 2 0 0 0 0 0 0 0 0
fl=/build/buildd/eglibc-2.15/setjmp/../sysdeps/x86_64/bsd-_setjmp.S
fn=_setjmp
34 1 1 1 0 0 0 0 0 0
36 1 0 0 0 0 0 0 0 0
fl=/build/buildd/eglibc-2.15/setjmp/../sysdeps/x86_64/setjmp.S
fn=__sigsetjmp
26 4 2 2 0 0 0 4 2 0
28 4 0 0 0 0 0 0 0 0
29 8 1 1 4 4 0 0 0 0
30 4 0 0 0 0 0 4 1 0
34 4 0 0 0 0 0 4 0 0
35 4 0 0 0 0 0 4 2 1
36 4 0 0 0 0 0 4 1 0
37 4 0 0 0 0 0 4 0 0
38 4 0 0 0 0 0 0 0 0
40 8 1 1 4 0 0 0 0 0
42 4 0 0 0 0 0 4 0 0
43 4 0 0 4 2 0 0 0 0
45 8 0 0 4 2 0 0 0 0
47 4 0 0 0 0 0 4 2 0
51 3 0 0 0 0 0 0 0 0
52 3 0 0 3 1 0 0 0 0
56 1 0 0 0 0 0 0 0 0
fl=/build/buildd/eglibc-2.15/setjmp/sigjmp.c
fn=__sigjmp_save
29 2 0 0 0 0 0 1 1 0
30 4 0 0 0 0 0 1 0 0
35 3 0 0 2 0 0 0 0 0
fl=/build/buildd/eglibc-2.15/stdio-common/_itoa.c
fn=_itoa_word
179 28028 2 2 0 0 0 0 0 0
186 14014 0 0 0 0 0 0 0 0
195 231718 1 1 18142 7007 1 18142 7007 0
204 14014 0 0 7007 0 0 0 0 0
fl=/build/buildd/eglibc-2.15/stdio-common/printf-parse.h
fn=vfprintf
99 43043 0 0 0 0 0 18018 4004 0
fl=/build/buildd/eglibc-2.15/stdio-common/printf.c
fn=printf
30 9009 1 1 0 0 0 5005 2001 0
34 6006 2 2 0 0 0 4004 0 0
35 4004 0 0 2002 2002 0 1001 1001 0
39 2002 0 0 1001 1001 0 0 0 0
fl=/build/buildd/eglibc-2.15/stdio-common/sprintf.c
fn=sprintf
29 7007 1 1 0 0 0 4004 2001 0
33 6006 2 2 0 0 0 4004 0 0
34 2002 0 0 0 0 0 1001 1001 0
38 2002 0 0 1001 1001 0 0 0 0
fl=/build/buildd/eglibc-2.15/stdio-common/vfprintf.c
fn=vfprintf
211 22022 1 1 0 0 0 12012 0 0
216 4004 0 0 0 0 0 4004 0 0
246 6006 0 0 4004 4004 0 2002 2002 0
250 2002 0 0 0 0 0 2002 2002 0
253 2002 1 1 0 0 0 2002 0 0
259 2002 0 0 0 0 0 2002 2002 0
1298 10010 3 3 2002 2002 0 0 0 0
1302 10010 0 0 2002 1001 0 0 0 0
1313 4004 0 0 0 0 0 0 0 0
1320 2002 0 0 0 0 0 2002 0 0
1324 12012 1 1 6006 2002 0 6006 2002 0
1328 2002 0 0 0 0 0 2002 1001 0
1339 13013 0 0 2002 2002 0 5005 1001 0
1340 14014 2 2 7007 4004 0 1001 0 0
1343 26026 2 2 6006 5005 0 2002 2002 0
1347 6006 0 0 4004 3003 0 0 0 0
1351 16016 1 1 8008 8008 0 0 0 0
1378 7007 0 0 0 0 0 7007 7007 0
1379 7007 0 0 0 0 0 7007 4004 0
1380 7007 0 0 0 0 0 7007 0 0
1381 7007 1 1 0 0 0 7007 3003 0
1382 7007 0 0 0 0 0 7007 0 0
1383 7007 0 0 0 0 0 7007 0 0
1384 7007 0 0 0 0 0 7007 0 0
1385 7007 0 0 0 0 0 7007 7007 0
1386 7007 0 0 0 0 0 7007 0 0
1387 7007 0 0 0 0 0 7007 0 0
1388 7007 1 1 0 0 0 7007 0 0
1391 7007 0 0 0 0 0 7007 0 0
1392 7007 0 0 0 0 0 7007 0 0
1395 7007 0 0 0 0 0 0 0 0
1396 14014 0 0 0 0 0 7007 0 0
1399 126126 2 2 28028 16016 2 14014 7007 0
1629 763763 22 22 273273 59059 0 84084 20020 0
1646 7007 0 0 7007 7007 0 0 0 0
1648 14014 1 1 0 0 0 0 0 0
1650 4004 0 0 0 0 0 0 0 0
1656 14014 0 0 7007 7007 0 0 0 0
1660 140140 2 2 28028 17017 0 14014 3003 0
1662 14014 0 0 7007 4004 0 0 0 0
2050 4004 1 1 2002 2002 0 0 0 0
2052 4004 1 1 2002 1001 0 2002 1001 0
2053 4004 0 0 0 0 0 2002 0 0
2055 18018 1 1 6006 5005 0 2002 0 0
2056 6006 0 0 2002 2002 0 0 0 0
2059 16016 0 0 14014 2002 0 0 0 0
fl=/build/buildd/eglibc-2.15/stdlib/cxa_atexit.c
fn=__cxa_atexit
35 2 0 0 0 0 0 1 0 0
37 2 0 0 0 0 0 0 0 0
41 2 1 1 1 1 0 0 0 0
43 1 0 0 0 0 0 1 0 0
44 1 0 0 0 0 0 1 0 0
45 1 0 0 0 0 0 1 0 0
47 1 0 0 0 0 0 1 0 0
48 1 0 0 0 0 0 0 0 0
57 7 1 1 0 0 0 3 0 0
59 5 0 0 4 0 0 0 0 0
fn=__new_exitfn
73 4 1 1 0 0 0 2 0 0
79 6 1 1 2 2 1 0 0 0
81 10 1 1 2 1 0 0 0 0
83 3 1 1 1 1 0 0 0 0
91 1 0 0 0 0 0 1 0 0
94 2 1 1 0 0 0 0 0 0
98 2 0 0 0 0 0 0 0 0
112 1 0 0 0 0 0 0 0 0
113 2 0 0 0 0 0 1 0 0
126 1 1 1 0 0 0 1 0 0
127 1 0 0 1 1 1 0 0 0
130 4 0 0 2 1 0 0 0 0
133 5 0 0 3 1 0 0 0 0
fl=/build/buildd/eglibc-2.15/stdlib/cxa_finalize.c
fn=__cxa_finalize
31 8 1 1 0 0 0 6 0 0
35 7 2 2 2 1 0 0 0 0
39 6 0 0 1 1 0 0 0 0
49 1 0 0 0 0 0 0 0 0
67 6 1 1 2 0 0 0 0 0
71 6 0 0 1 1 1 0 0 0
79 2 0 0 0 0 0 0 0 0
80 2 0 0 0 0 0 0 0 0
82 7 0 0 6 1 0 0 0 0
fl=/build/buildd/eglibc-2.15/stdlib/exit.c
fn=__run_exit_handlers
37 8 2 2 0 0 0 4 0 0
42 3 0 0 0 0 0 0 0 0
46 4 0 0 0 0 0 0 0 0
48 4 0 0 0 0 0 1 0 0
49 1 0 0 0 0 0 0 0 0
50 5 1 1 1 0 0 0 0 0
74 1 0 0 1 0 0 0 0 0
76 2 0 0 1 1 0 0 0 0
78 3 1 1 1 0 0 1 0 0
79 3 0 0 2 2 0 0 0 0
83 2 0 0 1 0 0 1 1 0
84 2 0 0 0 0 0 0 0 0
87 1 0 0 1 1 0 0 0 0
90 2 0 0 0 0 0 0 0 0
91 8 0 0 1 1 0 1 0 0
93 2 0 0 0 0 0 1 0 0
fn=exit
99 1 0 0 0 0 0 0 0 0
100 3 2 2 0 0 0 1 0 0
fl=/build/buildd/eglibc-2.15/stdlib/rand.c
fn=rand
27 261428 1 1 0 0 0 0 0 0
28 261428 0 0 0 0 0 261428 260404 0
29 522856 0 0 261428 151204 0 0 0 0
fl=/build/buildd/eglibc-2.15/stdlib/random.c
fn=random
293 261428 1 1 0 0 0 0 0 0
296 1568568 1 1 522856 522856 0 0 0 0
298 784284 0 0 0 0 0 261428 261428 0
300 1045712 0 0 522856 522856 0 0 0 0
302 261428 0 0 261428 260404 0 0 0 0
303 522856 0 0 261428 0 0 0 0 0
fn=srand
211 2 1 1 0 0 0 0 0 0
212 6 1 1 2 2 1 0 0 0
213 3 0 0 0 0 0 1 1 0
214 4 1 1 2 2 0 0 0 0
215 2 0 0 1 1 0 0 0 0
fl=/build/buildd/eglibc-2.15/stdlib/random_r.c
fn=random_r
367 1046952 1 1 0 0 0 0 0 0
370 776771 2 2 261738 0 0 0 0 0
372 785214 0 0 261738 261116 0 0 0 0
381 261738 0 0 261738 0 0 0 0 0
382 261738 0 0 261738 0 0 0 0 0
383 261738 0 0 261738 261618 0 0 0 0
386 785214 0 0 523476 337567 0 261738 0 0
388 523476 0 0 0 0 0 261738 160386 0
389 261738 0 0 0 0 0 0 0 0
390 523476 0 0 0 0 0 0 0 0
393 261738 0 0 0 0 0 0 0 0
401 270181 0 0 8443 0 0 261738 25792 0
402 261738 0 0 0 0 0 261738 33 0
404 515033 0 0 253295 627 0 0 0 0
fn=srandom_r
165 4 1 1 0 0 0 2 0 0
173 2 0 0 0 0 0 0 0 0
175 1 0 0 1 1 0 0 0 0
176 2 0 0 0 0 0 0 0 0
179 1 0 0 1 0 0 0 0 0
181 3 1 1 0 0 0 0 0 0
183 1 0 0 0 0 0 1 1 1
184 2 0 0 0 0 0 0 0 0
189 1 0 0 1 0 0 0 0 0
190 94 0 0 0 0 0 0 0 0
195 212 0 0 0 0 0 0 0 0
196 60 1 1 0 0 0 0 0 0
197 90 0 0 0 0 0 0 0 0
199 90 0 0 0 0 0 0 0 0
200 30 0 0 0 0 0 30 2 2
203 3 0 0 1 1 0 1 0 0
204 1 0 0 0 0 0 1 1 0
205 1 0 0 0 0 0 0 0 0
206 934 1 1 0 0 0 0 0 0
209 930 0 0 0 0 0 310 1 0
213 3 0 0 0 0 0 0 0 0
216 1 0 0 0 0 0 0 0 0
217 4 0 0 3 0 0 0 0 0
fl=/build/buildd/eglibc-2.15/string/../string/memcmp.c
fn=bcmp
112 10 0 0 10 0 0 0 0 0
113 20 0 0 10 0 0 0 0 0
117 24 1 1 0 0 0 0 0 0
136 14 1 1 0 0 0 0 0 0
140 2 0 0 2 2 1 0 0 0
141 2 0 0 2 2 0 0 0 0
144 6 0 0 0 0 0 0 0 0
190 2 0 0 2 0 0 0 0 0
191 2 0 0 2 0 0 0 0 0
192 16 1 1 0 0 0 4 3 1
228 2 0 0 0 0 0 0 0 0
229 4 0 0 0 0 0 0 0 0
233 4 0 0 0 0 0 0 0 0
235 11 1 1 0 0 0 0 0 0
239 1 0 0 1 1 0 0 0 0
240 1 0 0 1 1 0 0 0 0
241 1 0 0 1 1 0 0 0 0
242 1 0 0 0 0 0 0 0 0
244 2 1 1 0 0 0 0 0 0
262 1 0 0 1 0 0 0 0 0
263 1 0 0 1 0 0 0 0 0
264 1 0 0 1 0 0 0 0 0
268 2 1 1 0 0 0 0 0 0
296 1 0 0 1 0 0 0 0 0
297 1 0 0 1 0 0 0 0 0
298 6 0 0 0 0 0 0 0 0
299 2 0 0 0 0 0 0 0 0
306 2 1 1 0 0 0 0 0 0
311 12 2 2 0 0 0 0 0 0
312 4 0 0 0 0 0 0 0 0
318 24 0 0 0 0 0 0 0 0
322 72 1 1 0 0 0 72 4 1
329 24 0 0 0 0 0 0 0 0
333 31 0 0 0 0 0 0 0 0
335 5 0 0 5 1 1 0 0 0
336 5 0 0 5 1 0 0 0 0
337 5 0 0 0 0 0 0 0 0
338 6 0 0 0 0 0 0 0 0
340 10 0 0 0 0 0 0 0 0
342 5 0 0 0 0 0 0 0 0
349 12 2 2 0 0 0 0 0 0
350 4 0 0 0 0 0 0 0 0
352 4 0 0 0 0 0 0 0 0
353 4 0 0 0 0 0 0 0 0
357 6 0 0 0 0 0 0 0 0
358 2 0 0 0 0 0 0 0 0
359 2 0 0 0 0 0 0 0 0
363 154 1 1 0 0 0 0 0 0
365 68 0 0 68 2 1 0 0 0
366 68 0 0 68 7 5 0 0 0
369 59 0 0 0 0 0 0 0 0
370 136 0 0 0 0 0 0 0 0
375 18 1 1 0 0 0 0 0 0
376 84 0 0 84 5 0 0 0 0
fl=/build/buildd/eglibc-2.15/string/../sysdeps/x86_64/memcpy.S
fn=mempcpy
62 15 2 1 0 0 0 0 0 0
66 15 0 0 0 0 0 0 0 0
69 14 0 0 0 0 0 0 0 0
70 14 0 0 0 0 0 0 0 0
72 5 0 0 5 3 1 0 0 0
73 5 0 0 0 0 0 5 1 1
75 5 0 0 0 0 0 0 0 0
76 5 0 0 0 0 0 0 0 0
81 14 0 0 0 0 0 0 0 0
82 14 0 0 0 0 0 0 0 0
84 10 0 0 10 5 0 0 0 0
85 10 1 1 0 0 0 10 0 0
87 10 0 0 0 0 0 0 0 0
88 10 0 0 0 0 0 0 0 0
93 14 1 0 0 0 0 0 0 0
94 14 0 0 0 0 0 0 0 0
96 5 0 0 5 1 0 0 0 0
97 5 0 0 0 0 0 5 0 0
99 5 0 0 0 0 0 0 0 0
100 5 0 0 0 0 0 0 0 0
105 14 0 0 0 0 0 0 0 0
106 14 0 0 0 0 0 0 0 0
108 7 0 0 7 0 0 0 0 0
109 7 0 0 0 0 0 7 0 0
111 7 0 0 0 0 0 0 0 0
112 14 0 0 0 0 0 0 0 0
117 14 0 0 0 0 0 0 0 0
118 16 0 0 0 0 0 0 0 0
123 2 1 0 2 1 0 0 0 0
124 2 0 0 2 0 0 0 0 0
125 2 0 0 0 0 0 2 2 2
126 2 0 0 0 0 0 2 0 0
128 2 0 0 0 0 0 0 0 0
130 2 0 0 0 0 0 0 0 0
131 2 0 0 0 0 0 0 0 0
133 2 0 0 0 0 0 0 0 0
139 14 1 1 0 0 0 0 0 0
143 14 0 0 14 3 0 0 0 0
155 2 0 0 0 0 0 0 0 0
157 2 0 0 0 0 0 0 0 0
158 2 0 0 0 0 0 0 0 0
184 2 1 1 0 0 0 0 0 0
185 2 0 0 0 0 0 0 0 0
188 2 0 0 0 0 0 0 0 0
189 2 0 0 0 0 0 0 0 0
190 2 0 0 0 0 0 0 0 0
195 2 0 0 0 0 0 0 0 0
197 2 0 0 2 1 0 0 0 0
198 2 0 0 2 1 0 0 0 0
199 2 0 0 2 0 0 0 0 0
200 2 0 0 2 0 0 0 0 0
202 2 0 0 0 0 0 2 2 0
203 2 0 0 0 0 0 2 0 0
204 2 0 0 0 0 0 2 0 0
205 2 0 0 0 0 0 2 0 0
207 2 1 1 0 0 0 0 0 0
208 2 0 0 0 0 0 0 0 0
210 2 0 0 0 0 0 0 0 0
232 2 1 1 0 0 0 0 0 0
234 2 0 0 0 0 0 0 0 0
236 1 0 0 0 0 0 0 0 0
243 1 0 0 1 0 0 0 0 0
fl=/build/buildd/eglibc-2.15/string/../sysdeps/x86_64/multiarch/../cacheinfo.c
fn=handle_amd
369 6 2 2 0 0 0 6 0 0
374 12 0 0 0 0 0 0 0 0
377 12 0 0 0 0 0 0 0 0
380 24 2 2 0 0 0 0 0 0
381 12 0 0 0 0 0 0 0 0
384 12 0 0 0 0 0 0 0 0
386 12 0 0 0 0 0 0 0 0
392 42 2 2 6 2 2 0 0 0
395 6 2 2 0 0 0 0 0 0
408 12 0 0 0 0 0 0 0 0
443 6 2 2 0 0 0 0 0 0
481 12 0 0 12 0 0 0 0 0
fn=init_cacheinfo
552 6 2 2 0 0 0 6 0 0
565 6 0 0 2 2 1 0 0 0
566 3 1 1 1 0 0 1 1 0
572 4 0 0 0 0 0 0 0 0
675 4 0 0 0 0 0 0 0 0
677 6 3 3 0 0 0 2 1 0
678 6 0 0 0 0 0 2 0 0
679 6 1 1 0 0 0 2 0 0
701 8 0 0 0 0 0 0 0 0
703 4 0 0 0 0 0 0 0 0
705 2 0 0 0 0 0 0 0 0
736 4 2 2 0 0 0 0 0 0
738 4 0 0 0 0 0 0 0 0
740 6 0 0 0 0 0 0 0 0
741 4 1 1 0 0 0 2 1 1
746 4 2 2 0 0 0 0 0 0
748 6 0 0 0 0 0 2 0 0
749 2 1 1 0 0 0 2 2 2
751 2 0 0 0 0 0 0 0 0
752 6 0 0 0 0 0 2 0 0
753 2 1 1 0 0 0 2 1 1
756 4 0 0 0 0 0 0 0 0
758 6 0 0 0 0 0 2 0 0
759 2 0 0 0 0 0 2 2 2
761 2 0 0 0 0 0 0 0 0
762 6 0 0 0 0 0 2 0 0
763 2 0 0 0 0 0 2 0 0
765 8 0 0 8 2 0 0 0 0
fl=/build/buildd/eglibc-2.15/string/../sysdeps/x86_64/multiarch/../memcpy.S
fn=memcpy
62 13 2 1 0 0 0 0 0 0
64 13 0 0 0 0 0 0 0 0
66 13 0 0 0 0 0 0 0 0
69 12 0 0 0 0 0 0 0 0
70 12 0 0 0 0 0 0 0 0
72 3 0 0 3 1 0 0 0 0
73 3 0 0 0 0 0 3 1 1
75 3 0 0 0 0 0 0 0 0
76 3 0 0 0 0 0 0 0 0
81 12 0 0 0 0 0 0 0 0
82 12 0 0 0 0 0 0 0 0
84 3 0 0 3 1 0 0 0 0
85 3 0 0 0 0 0 3 1 1
87 3 0 0 0 0 0 0 0 0
88 6 0 0 0 0 0 0 0 0
93 12 2 1 0 0 0 0 0 0
94 12 0 0 0 0 0 0 0 0
96 2 0 0 2 0 0 0 0 0
97 2 0 0 0 0 0 2 0 0
99 2 0 0 0 0 0 0 0 0
100 2 0 0 0 0 0 0 0 0
105 12 0 0 0 0 0 0 0 0
106 12 0 0 0 0 0 0 0 0
108 7 0 0 7 1 0 0 0 0
109 7 0 0 0 0 0 7 2 2
111 7 0 0 0 0 0 0 0 0
112 7 0 0 0 0 0 0 0 0
117 12 0 0 0 0 0 0 0 0
118 17 0 0 0 0 0 0 0 0
123 5 0 0 5 2 0 0 0 0
124 5 0 0 5 0 0 0 0 0
125 5 0 0 0 0 0 5 0 0
126 5 0 0 0 0 0 5 0 0
128 5 0 0 0 0 0 0 0 0
130 5 0 0 0 0 0 0 0 0
131 5 0 0 0 0 0 0 0 0
133 5 0 0 0 0 0 0 0 0
141 12 1 1 12 1 0 0 0 0
149 5 0 0 0 0 0 5 0 0
155 5 0 0 0 0 0 0 0 0
157 5 0 0 0 0 0 0 0 0
158 5 0 0 0 0 0 0 0 0
161 2 0 0 0 0 0 0 0 0
162 4 0 0 0 0 0 0 0 0
167 9 0 0 9 1 0 0 0 0
168 9 0 0 0 0 0 9 1 0
170 9 0 0 0 0 0 0 0 0
172 9 0 0 0 0 0 0 0 0
173 9 0 0 0 0 0 0 0 0
175 11 1 1 0 0 0 0 0 0
184 5 0 0 0 0 0 0 0 0
185 5 0 0 0 0 0 0 0 0
188 5 0 0 0 0 0 0 0 0
189 5 0 0 0 0 0 0 0 0
190 5 0 0 0 0 0 0 0 0
195 4 0 0 0 0 0 0 0 0
197 4 0 0 4 3 0 0 0 0
198 4 0 0 4 0 0 0 0 0
199 4 0 0 4 0 0 0 0 0
200 4 0 0 4 0 0 0 0 0
202 4 0 0 0 0 0 4 3 1
203 4 0 0 0 0 0 4 1 1
204 4 0 0 0 0 0 4 1 1
205 4 0 0 0 0 0 4 0 0
207 4 1 1 0 0 0 0 0 0
208 4 0 0 0 0 0 0 0 0
210 4 0 0 0 0 0 0 0 0
232 5 1 1 0 0 0 0 0 0
238 5 0 0 5 1 0 0 0 0
239 5 0 0 0 0 0 0 0 0
241 1 0 0 1 0 0 0 0 0
fl=/build/buildd/eglibc-2.15/string/../sysdeps/x86_64/multiarch/../memset.S
fn=memset
44 9 2 1 0 0 0 0 0 0
45 9 0 0 0 0 0 0 0 0
46 9 0 0 0 0 0 0 0 0
47 2 0 0 0 0 0 2 0 0
48 2 0 0 2 0 0 0 0 0
50 7 0 0 0 0 0 0 0 0
51 7 0 0 0 0 0 0 0 0
52 7 0 0 0 0 0 0 0 0
53 7 0 0 0 0 0 0 0 0
55 7 0 0 0 0 0 0 0 0
56 7 0 0 0 0 0 0 0 0
58 6 2 1 0 0 0 0 0 0
63 6 0 0 0 0 0 0 0 0
64 6 0 0 0 0 0 0 0 0
65 6 0 0 6 6 2 0 0 0
66 6 0 0 0 0 0 0 0 0
67 6 0 0 0 0 0 0 0 0
328 1 0 0 0 0 0 1 0 0
329 1 0 0 0 0 0 1 0 0
330 1 0 0 0 0 0 1 0 0
331 1 0 0 0 0 0 1 0 0
332 1 0 0 0 0 0 1 1 1
333 1 0 0 0 0 0 1 0 0
334 1 0 0 0 0 0 1 0 0
335 1 0 0 0 0 0 1 0 0
336 2 0 0 0 0 0 2 0 0
337 2 0 0 0 0 0 2 0 0
338 3 1 1 0 0 0 3 1 1
339 3 0 0 0 0 0 3 0 0
340 3 0 0 3 2 0 0 0 0
365 2 2 1 0 0 0 2 0 0
366 2 0 0 2 0 0 0 0 0
416 2 2 1 0 0 0 2 0 0
417 2 0 0 2 0 0 0 0 0
504 1 1 1 0 0 0 0 0 0
505 1 0 0 0 0 0 0 0 0
506 1 0 0 0 0 0 0 0 0
507 1 0 0 0 0 0 0 0 0
508 1 0 0 0 0 0 0 0 0
509 1 0 0 0 0 0 0 0 0
510 1 0 0 0 0 0 0 0 0
515 1 1 1 0 0 0 0 0 0
516 1 0 0 0 0 0 0 0 0
517 1 0 0 1 1 1 0 0 0
518 1 0 0 0 0 0 0 0 0
519 1 0 0 0 0 0 0 0 0
593 1 1 1 0 0 0 0 0 0
1214 1 0 0 0 0 0 0 0 0
1215 2 0 0 0 0 0 0 0 0
1219 1 0 0 0 0 0 0 0 0
1220 1 0 0 0 0 0 0 0 0
1221 2 0 0 0 0 0 0 0 0
1226 15 1 1 0 0 0 0 0 0
1228 15 0 0 0 0 0 15 1 1
1229 15 0 0 0 0 0 15 0 0
1230 15 0 0 0 0 0 15 0 0
1231 15 0 0 0 0 0 15 0 0
1232 15 0 0 0 0 0 15 15 15
1233 15 0 0 0 0 0 15 0 0
1234 15 0 0 0 0 0 15 0 0
1235 15 0 0 0 0 0 15 0 0
1236 15 0 0 0 0 0 15 0 0
1237 15 0 0 0 0 0 15 0 0
1238 15 0 0 0 0 0 15 0 0
1239 15 0 0 0 0 0 15 0 0
1240 15 0 0 0 0 0 15 15 15
1241 15 0 0 0 0 0 15 0 0
1242 15 0 0 0 0 0 15 0 0
1243 15 1 1 0 0 0 15 0 0
1245 15 0 0 0 0 0 0 0 0
1247 15 0 0 0 0 0 0 0 0
1250 1 0 0 0 0 0 0 0 0
1251 1 0 0 0 0 0 0 0 0
1257 1 0 0 0 0 0 0 0 0
1258 1 0 0 0 0 0 0 0 0
1259 1 0 0 1 1 1 0 0 0
1260 1 0 0 0 0 0 0 0 0
1261 1 0 0 0 0 0 0 0 0
fl=/build/buildd/eglibc-2.15/string/../sysdeps/x86_64/multiarch/../rtld-strlen.S
fn=strlen
29 12 1 1 0 0 0 0 0 0
30 12 0 0 0 0 0 0 0 0
31 12 0 0 0 0 0 0 0 0
32 12 0 0 0 0 0 0 0 0
34 5 0 0 0 0 0 0 0 0
35 5 0 0 0 0 0 0 0 0
37 15 0 0 15 3 0 0 0 0
38 15 0 0 0 0 0 0 0 0
39 14 0 0 0 0 0 0 0 0
40 14 0 0 0 0 0 0 0 0
41 14 0 0 0 0 0 0 0 0
43 22 1 1 0 0 0 0 0 0
48 15 0 0 15 2 0 0 0 0
49 15 0 0 0 0 0 0 0 0
50 15 0 0 0 0 0 0 0 0
51 15 0 0 0 0 0 0 0 0
54 15 0 0 0 0 0 0 0 0
55 14 0 0 0 0 0 0 0 0
56 14 0 0 0 0 0 0 0 0
57 14 0 0 0 0 0 0 0 0
59 14 0 0 0 0 0 0 0 0
62 14 0 0 14 1 0 0 0 0
63 14 0 0 0 0 0 0 0 0
64 14 0 0 0 0 0 0 0 0
65 14 0 0 0 0 0 0 0 0
68 14 0 0 0 0 0 0 0 0
69 10 0 0 0 0 0 0 0 0
70 10 0 0 0 0 0 0 0 0
71 10 1 1 0 0 0 0 0 0
73 10 0 0 0 0 0 0 0 0
76 6 0 0 6 1 0 0 0 0
77 6 0 0 0 0 0 0 0 0
78 6 0 0 0 0 0 0 0 0
79 6 0 0 0 0 0 0 0 0
82 6 0 0 0 0 0 0 0 0
83 6 0 0 0 0 0 0 0 0
84 6 0 0 0 0 0 0 0 0
85 6 0 0 0 0 0 0 0 0
87 6 0 0 0 0 0 0 0 0
90 6 0 0 6 0 0 0 0 0
91 6 0 0 0 0 0 0 0 0
92 6 0 0 0 0 0 0 0 0
93 6 0 0 0 0 0 0 0 0
96 6 0 0 0 0 0 0 0 0
97 5 0 0 0 0 0 0 0 0
98 5 0 0 0 0 0 0 0 0
99 5 0 0 0 0 0 0 0 0
101 6 0 0 0 0 0 0 0 0
104 11 1 1 0 0 0 0 0 0
106 11 0 0 0 0 0 0 0 0
107 11 0 0 0 0 0 0 0 0
108 10 0 0 0 0 0 0 0 0
110 10 0 0 0 0 0 0 0 0
111 10 0 0 0 0 0 0 0 0
112 8 0 0 0 0 0 0 0 0
114 8 0 0 0 0 0 0 0 0
115 8 0 0 0 0 0 0 0 0
116 8 0 0 0 0 0 0 0 0
118 8 0 0 0 0 0 0 0 0
119 8 0 0 0 0 0 0 0 0
120 7 0 0 0 0 0 0 0 0
122 7 0 0 0 0 0 0 0 0
124 7 0 0 0 0 0 0 0 0
125 7 0 0 0 0 0 0 0 0
126 6 0 0 0 0 0 0 0 0
128 6 0 0 0 0 0 0 0 0
129 6 0 0 0 0 0 0 0 0
130 5 0 0 0 0 0 0 0 0
132 5 0 0 0 0 0 0 0 0
133 5 0 0 0 0 0 0 0 0
134 4 0 0 0 0 0 0 0 0
136 12 1 1 0 0 0 0 0 0
137 12 0 0 12 0 0 0 0 0
fl=/build/buildd/eglibc-2.15/string/../sysdeps/x86_64/multiarch/../strchr.S
fn=index
26 6 1 1 0 0 0 0 0 0
27 6 0 0 0 0 0 0 0 0
28 6 0 0 0 0 0 0 0 0
29 6 0 0 0 0 0 0 0 0
30 6 0 0 0 0 0 0 0 0
31 6 0 0 0 0 0 0 0 0
32 6 0 0 0 0 0 0 0 0
33 6 0 0 6 4 2 0 0 0
34 6 0 0 0 0 0 0 0 0
35 6 0 0 0 0 0 0 0 0
36 6 0 0 0 0 0 0 0 0
37 6 0 0 0 0 0 0 0 0
38 6 1 1 0 0 0 0 0 0
39 6 0 0 0 0 0 0 0 0
40 6 0 0 0 0 0 0 0 0
41 6 0 0 0 0 0 0 0 0
42 6 0 0 0 0 0 0 0 0
43 6 0 0 0 0 0 0 0 0
44 6 0 0 0 0 0 0 0 0
45 6 0 0 0 0 0 0 0 0
46 6 0 0 0 0 0 0 0 0
48 6 0 0 6 0 0 0 0 0
49 6 0 0 0 0 0 0 0 0
50 6 0 0 0 0 0 0 0 0
51 6 0 0 0 0 0 0 0 0
52 6 0 0 0 0 0 0 0 0
53 6 0 0 0 0 0 0 0 0
54 6 0 0 0 0 0 0 0 0
55 6 0 0 0 0 0 0 0 0
56 6 0 0 0 0 0 0 0 0
58 6 0 0 0 0 0 0 0 0
59 6 0 0 0 0 0 0 0 0
60 1 0 0 0 0 0 0 0 0
61 1 0 0 0 0 0 0 0 0
62 1 0 0 0 0 0 0 0 0
63 1 0 0 0 0 0 0 0 0
64 5 0 0 0 0 0 0 0 0
65 6 0 0 6 0 0 0 0 0
fl=/build/buildd/eglibc-2.15/string/../sysdeps/x86_64/multiarch/../strcmp.S
fn=strcmp
135 1506 2 1 1506 205 15 0 0 0
136 1506 0 0 1506 137 3 0 0 0
137 1506 0 0 0 0 0 0 0 0
138 1412 0 0 0 0 0 0 0 0
139 1412 0 0 0 0 0 0 0 0
140 1412 0 0 0 0 0 0 0 0
141 1412 0 0 0 0 0 0 0 0
143 120 0 0 0 0 0 0 0 0
144 120 0 0 120 6 0 0 0 0
146 94 0 0 0 0 0 0 0 0
147 94 0 0 0 0 0 0 0 0
148 94 0 0 0 0 0 0 0 0
149 94 0 0 94 38 0 0 0 0
fl=/build/buildd/eglibc-2.15/string/../sysdeps/x86_64/multiarch/../strrchr.S
fn=__GI_strrchr
26 1 1 1 0 0 0 0 0 0
27 1 0 0 0 0 0 0 0 0
28 1 0 0 0 0 0 0 0 0
29 1 0 0 0 0 0 0 0 0
30 1 0 0 0 0 0 0 0 0
31 1 0 0 0 0 0 0 0 0
32 1 0 0 0 0 0 0 0 0
33 1 0 0 1 1 0 0 0 0
34 1 0 0 0 0 0 0 0 0
35 1 0 0 0 0 0 0 0 0
36 1 0 0 0 0 0 0 0 0
37 1 0 0 0 0 0 0 0 0
38 1 0 0 0 0 0 0 0 0
39 1 0 0 0 0 0 0 0 0
40 1 0 0 0 0 0 0 0 0
41 1 0 0 0 0 0 0 0 0
42 1 0 0 0 0 0 0 0 0
43 1 1 1 0 0 0 0 0 0
44 1 0 0 0 0 0 0 0 0
45 1 0 0 0 0 0 0 0 0
46 1 0 0 0 0 0 0 0 0
47 1 0 0 0 0 0 0 0 0
48 1 0 0 0 0 0 0 0 0
50 1 0 0 1 0 0 0 0 0
51 1 0 0 0 0 0 0 0 0
52 1 0 0 0 0 0 0 0 0
53 1 0 0 0 0 0 0 0 0
54 1 0 0 0 0 0 0 0 0
55 1 0 0 0 0 0 0 0 0
56 1 0 0 0 0 0 0 0 0
57 1 0 0 0 0 0 0 0 0
58 1 0 0 0 0 0 0 0 0
59 1 0 0 0 0 0 0 0 0
61 2 0 0 0 0 0 0 0 0
62 2 0 0 0 0 0 0 0 0
63 2 0 0 0 0 0 0 0 0
64 2 0 0 0 0 0 0 0 0
66 1 1 1 0 0 0 0 0 0
67 1 0 0 0 0 0 0 0 0
68 1 0 0 0 0 0 0 0 0
69 1 0 0 0 0 0 0 0 0
71 1 0 0 0 0 0 0 0 0
72 1 0 0 0 0 0 0 0 0
73 1 0 0 0 0 0 0 0 0
74 1 0 0 0 0 0 0 0 0
75 1 0 0 0 0 0 0 0 0
77 1 0 0 1 0 0 0 0 0
fl=/build/buildd/eglibc-2.15/string/../sysdeps/x86_64/multiarch/strcmp.S
fn=strcasecmp
106 1 1 1 1 1 1 0 0 0
107 1 0 0 0 0 0 0 0 0
108 1 0 0 0 0 0 1 0 0
111 1 1 1 0 0 0 0 0 0
112 1 0 0 1 0 0 0 0 0
113 1 0 0 0 0 0 0 0 0
115 1 0 0 0 0 0 0 0 0
116 1 0 0 1 0 0 0 0 0
117 1 0 0 0 0 0 0 0 0
118 1 0 0 0 0 0 0 0 0
119 1 0 0 1 0 0 0 0 0
120 1 0 0 0 0 0 0 0 0
121 1 0 0 0 0 0 0 0 0
122 1 0 0 1 0 0 0 0 0
fn=strncasecmp
130 1 1 1 1 1 0 0 0 0
131 1 0 0 0 0 0 0 0 0
135 1 0 0 0 0 0 0 0 0
136 1 0 0 1 1 0 0 0 0
137 1 0 0 0 0 0 0 0 0
139 1 0 0 0 0 0 0 0 0
140 1 0 0 1 0 0 0 0 0
141 1 0 0 0 0 0 0 0 0
142 1 0 0 0 0 0 0 0 0
143 1 1 1 1 0 0 0 0 0
144 1 0 0 0 0 0 0 0 0
145 1 0 0 0 0 0 0 0 0
146 1 0 0 1 0 0 0 0 0
fl=/build/buildd/eglibc-2.15/string/../sysdeps/x86_64/multiarch/strnlen.S
fn=strnlen
30 1 1 1 1 1 0 0 0 0
31 1 0 0 0 0 0 0 0 0
33 1 0 0 0 0 0 0 0 0
34 1 0 0 1 1 0 0 0 0
35 1 0 0 0 0 0 0 0 0
37 1 0 0 1 0 0 0 0 0
fl=/build/buildd/eglibc-2.15/string/../sysdeps/x86_64/strchrnul.S
fn=strchrnul
27 9009 1 1 0 0 0 0 0 0
28 9009 0 0 0 0 0 0 0 0
29 9009 0 0 0 0 0 0 0 0
30 9009 0 0 0 0 0 0 0 0
31 9009 0 0 0 0 0 0 0 0
32 9009 0 0 0 0 0 0 0 0
33 9009 0 0 0 0 0 0 0 0
34 9009 0 0 9009 9009 1 0 0 0
35 9009 0 0 0 0 0 0 0 0
36 9009 0 0 0 0 0 0 0 0
37 9009 0 0 0 0 0 0 0 0
38 9009 0 0 0 0 0 0 0 0
39 9009 0 0 0 0 0 0 0 0
40 9009 0 0 0 0 0 0 0 0
41 9009 0 0 0 0 0 0 0 0
42 9009 0 0 0 0 0 0 0 0
43 9009 0 0 0 0 0 0 0 0
44 9009 1 1 0 0 0 0 0 0
45 9009 0 0 0 0 0 0 0 0
46 9009 0 0 0 0 0 0 0 0
48 3003 0 0 3003 1001 1 0 0 0
49 3003 0 0 0 0 0 0 0 0
50 3003 0 0 0 0 0 0 0 0
51 3003 0 0 0 0 0 0 0 0
52 3003 0 0 0 0 0 0 0 0
53 3003 0 0 0 0 0 0 0 0
54 3003 0 0 0 0 0 0 0 0
55 3003 0 0 0 0 0 0 0 0
56 3003 0 0 0 0 0 0 0 0
58 9009 0 0 0 0 0 0 0 0
59 9009 0 0 0 0 0 0 0 0
60 9009 0 0 9009 0 0 0 0 0
fl=/build/buildd/eglibc-2.15/time/../sysdeps/generic/dl-hash.h
fn=gettimeofday
44 1 0 0 0 0 0 0 0 0
45 1 0 0 0 0 0 0 0 0
46 13 0 0 4 1 0 0 0 0
49 16 0 0 0 0 0 0 0 0
50 8 0 0 0 0 0 0 0 0
63 8 0 0 0 0 0 0 0 0
68 1 0 0 0 0 0 0 0 0
fn=time
44 2 0 0 0 0 0 0 0 0
45 2 1 1 0 0 0 0 0 0
46 26 1 1 8 2 1 0 0 0
49 32 0 0 0 0 0 0 0 0
50 16 0 0 0 0 0 0 0 0
63 16 0 0 0 0 0 0 0 0
68 2 0 0 0 0 0 0 0 0
fl=/build/buildd/eglibc-2.15/time/../sysdeps/unix/sysv/linux/x86_64/gettimeofday.c
fn=gettimeofday
30 1 0 0 0 0 0 0 0 0
31 7 2 2 0 0 0 4 0 0
34 3 1 1 0 0 0 1 0 0
35 3 0 0 0 0 0 0 0 0
36 2 0 0 1 0 0 0 0 0
fl=/build/buildd/eglibc-2.15/time/../sysdeps/unix/sysv/linux/x86_64/time.c
fn=time
28 2 0 0 0 0 0 0 0 0
29 14 1 1 0 0 0 8 0 0
32 12 0 0 0 0 0 2 1 0
33 4 0 0 2 0 0 0 0 0
fl=???
fn=???
0 1325729 563 23 1325607 1324537 2 50 7 1
fn=__libc_csu_init
0 25 3 3 7 0 0 7 1 0
fn=choose_empty
0 64218010 1 1 22145626 1839104 0 12272575 310645 0
fn=choose_fish
0 12482258 3 3 4348270 368163 0 2392956 89546 0
fn=init_wator
0 25818 4 4 6016 1 0 3510 1026 258
fn=main
0 7041 4 4 2008 1 0 2011 2 0
fn=move
0 22572500 4 4 8560547 598099 0 3377466 74531 0
fn=move_to_empty
0 33515999 8 8 10231431 704623 0 4355258 835431 0
fn=move_to_fish
0 6795011 8 8 2005238 301673 0 1054930 215775 0
fn=moveall
0 48734261 4 4 15621914 696443 0 1707457 0 0
fn=myrand
0 2875708 1 1 784284 1024 0 784284 198 0
fn=new_animal
0 3146502 4 4 1006891 94360 0 707950 0 0
fn=ni
0 49627068 269 2 9940864 0 0 7455648 0 0
fn=nj
0 49680756 1 1 9940864 0 0 7455648 0 0
fn=show_wator
0 24156888 8 8 7534200 2061059 0 1103102 34869 0
summary: 381392166 3066 894 118193270 23241898 1102 51113866 3450750 791
