0 39 386
1 41 337
2 38 431
3 35 569
4 43 648
5 87 690
6 139 601
7 217 446
8 247 311
9 212 202
10 170 136
11 120 130
12 77 139
13 40 160
14 29 214
15 18 285
16 15 377
17 21 468
18 31 563
19 47 662
20 73 706
21 97 693
22 130 636
23 151 557
24 238 370
25 227 276
26 223 176
27 148 117
28 102 100
29 68 116
30 27 143
31 14 191
32 12 247
33 11 318
34 13 392
35 12 488
36 15 600
37 15 682
38 30 769
39 40 825
40 57 844
41 89 820
42 124 745
43 171 583
44 269 337
45 320 133
46 270 81
47 130 96
48 57 111
49 21 132
50 7 161
51 11 215
52 17 269
53 16 371
54 23 459
55 21 570
56 43 667
57 64 690
58 96 663
59 102 597
60 113 553
61 159 463
62 172 396
63 193 292
64 163 283
65 121 303
66 68 365
67 50 420
68 45 468
69 52 512
70 75 535
71 100 533
72 146 462
73 132 451
74 129 420
75 130 370
76 141 301
77 152 244
78 126 243
79 101 260
80 60 317
81 36 396
82 26 486
83 31 560
84 37 631
85 38 684
86 41 725
87 51 753
88 64 749
89 86 735
90 105 673
91 137 615
92 199 461
93 224 296
94 200 205
95 140 175
96 85 197
97 58 199
98 59 200
99 54 217
100 47 245
101 51 289
102 51 351
103 56 419
104 59 469
105 77 486
106 87 489
107 86 486
108 103 473
109 112 454
110 146 360
111 132 350
112 104 343
113 73 363
114 75 378
115 84 381
116 95 373
117 95 412
118 106 428
119 87 463
120 81 476
121 67 486
122 83 478
123 96 446
124 112 415
125 109 415
126 103 403
127 99 408
128 112 419
129 101 440
130 107 440
131 109 457
132 114 430
133 121 386
134 115 397
135 111 383
136 103 379
137 92 407
138 82 420
139 67 433
140 77 448
141 88 468
142 103 460
143 109 468
144 94 499
145 107 521
146 132 444
147 141 385
148 138 351
149 118 323
150 117 302
151 103 289
152 94 299
153 83 321
154 72 345
155 73 388
156 74 424
157 95 428
158 117 435
159 113 441
160 114 430
161 105 413
162 112 402
163 109 393
164 97 415
165 83 440
166 95 461
167 126 411
168 155 356
169 143 319
170 123 302
171 96 308
172 108 282
173 108 277
174 100 265
175 90 272
176 85 286
177 80 312
178 73 326
179 66 361
180 81 398
181 83 438
182 81 489
183 94 479
184 96 487
185 114 457
186 134 398
187 116 372
188 114 356
189 106 364
190 107 360
191 93 395
192 81 456
193 74 506
194 75 570
195 83 574
196 94 581
197 105 557
198 121 547
199 127 501
200 145 467
201 157 402
202 166 359
203 151 311
204 131 269
205 103 290
206 71 299
207 67 326
208 74 323
209 68 363
210 81 381
211 70 403
212 59 432
213 71 460
214 81 467
215 76 522
216 73 557
217 80 593
218 75 608
219 74 612
220 66 637
221 64 645
222 87 629
223 101 607
224 120 560
225 106 547
226 86 536
227 106 484
228 113 445
229 101 402
230 73 398
231 55 408
232 52 405
233 59 418
234 67 425
235 59 444
236 54 472
237 49 513
238 47 545
239 49 567
240 52 605
241 55 632
242 52 665
243 58 687
244 67 695
245 70 696
246 66 693
247 64 700
248 64 690
249 73 689
250 78 686
251 80 672
252 76 671
253 100 642
254 110 630
255 112 626
256 99 612
257 98 605
258 100 596
259 103 582
260 112 579
261 104 567
262 105 558
263 103 550
264 107 538
265 104 538
266 104 532
267 106 523
268 101 523
269 99 511
270 100 512
271 98 497
272 98 490
273 98 477
274 96 467
275 98 457
276 98 446
277 99 434
278 103 425
279 103 414
280 100 404
281 102 400
282 96 393
283 91 386
284 84 378
285 95 338
286 99 332
287 95 324
288 80 311
289 86 302
290 91 293
291 101 285
292 108 279
293 112 265
294 118 259
295 121 253
296 123 238
297 123 227
298 123 221
299 124 209
300 125 197
301 125 190
302 127 175
303 127 166
304 127 157
305 127 146
306 126 134
307 125 125
308 124 111
309 122 102
310 122 93
311 123 85
312 120 80
313 119 75
314 112 67
315 102 59
316 108 35
317 81 25
318 54 13
319 27 11
320 17 12
321 4 16
322 3 24
323 1 33
324 5 44
325 5 60
326 2 85
327 1 127
328 1 171
329 1 238
330 1 315
331 0 393
332 0 477
333 0 549
334 0 638
335 0 725
336 0 798
337 0 888
338 0 949
339 0 995
340 0 1017
341 0 1023
342 0 1024
343 0 1024
344 0 1024
345 0 1024
346 0 1024
347 0 1024
348 0 1024
349 0 1024
350 0 1024
351 0 1024
352 0 1024
353 0 1024
354 0 1024
355 0 1024
356 0 1024
357 0 1024
358 0 1024
359 0 1024
360 0 1024
361 0 1024
362 0 1024
363 0 1024
364 0 1024
365 0 1024
366 0 1024
367 0 1024
368 0 1024
369 0 1024
370 0 1024
371 0 1024
372 0 1024
373 0 1024
374 0 1024
375 0 1024
376 0 1024
377 0 1024
378 0 1024
379 0 1024
380 0 1024
381 0 1024
382 0 1024
383 0 1024
384 0 1024
385 0 1024
386 0 1024
387 0 1024
388 0 1024
389 0 1024
390 0 1024
391 0 1024
392 0 1024
393 0 1024
394 0 1024
395 0 1024
396 0 1024
397 0 1024
398 0 1024
399 0 1024
400 0 1024
401 0 1024
402 0 1024
403 0 1024
404 0 1024
405 0 1024
406 0 1024
407 0 1024
408 0 1024
409 0 1024
410 0 1024
411 0 1024
412 0 1024
413 0 1024
414 0 1024
415 0 1024
416 0 1024
417 0 1024
418 0 1024
419 0 1024
420 0 1024
421 0 1024
422 0 1024
423 0 1024
424 0 1024
425 0 1024
426 0 1024
427 0 1024
428 0 1024
429 0 1024
430 0 1024
431 0 1024
432 0 1024
433 0 1024
434 0 1024
435 0 1024
436 0 1024
437 0 1024
438 0 1024
439 0 1024
440 0 1024
441 0 1024
442 0 1024
443 0 1024
444 0 1024
445 0 1024
446 0 1024
447 0 1024
448 0 1024
449 0 1024
450 0 1024
451 0 1024
452 0 1024
453 0 1024
454 0 1024
455 0 1024
456 0 1024
457 0 1024
458 0 1024
459 0 1024
460 0 1024
461 0 1024
462 0 1024
463 0 1024
464 0 1024
465 0 1024
466 0 1024
467 0 1024
468 0 1024
469 0 1024
470 0 1024
471 0 1024
472 0 1024
473 0 1024
474 0 1024
475 0 1024
476 0 1024
477 0 1024
478 0 1024
479 0 1024
480 0 1024
481 0 1024
482 0 1024
483 0 1024
484 0 1024
485 0 1024
486 0 1024
487 0 1024
488 0 1024
489 0 1024
490 0 1024
491 0 1024
492 0 1024
493 0 1024
494 0 1024
495 0 1024
496 0 1024
497 0 1024
498 0 1024
499 0 1024
500 0 1024
501 0 1024
502 0 1024
503 0 1024
504 0 1024
505 0 1024
506 0 1024
507 0 1024
508 0 1024
509 0 1024
510 0 1024
511 0 1024
512 0 1024
513 0 1024
514 0 1024
515 0 1024
516 0 1024
517 0 1024
518 0 1024
519 0 1024
520 0 1024
521 0 1024
522 0 1024
523 0 1024
524 0 1024
525 0 1024
526 0 1024
527 0 1024
528 0 1024
529 0 1024
530 0 1024
531 0 1024
532 0 1024
533 0 1024
534 0 1024
535 0 1024
536 0 1024
537 0 1024
538 0 1024
539 0 1024
540 0 1024
541 0 1024
542 0 1024
543 0 1024
544 0 1024
545 0 1024
546 0 1024
547 0 1024
548 0 1024
549 0 1024
550 0 1024
551 0 1024
552 0 1024
553 0 1024
554 0 1024
555 0 1024
556 0 1024
557 0 1024
558 0 1024
559 0 1024
560 0 1024
561 0 1024
562 0 1024
563 0 1024
564 0 1024
565 0 1024
566 0 1024
567 0 1024
568 0 1024
569 0 1024
570 0 1024
571 0 1024
572 0 1024
573 0 1024
574 0 1024
575 0 1024
576 0 1024
577 0 1024
578 0 1024
579 0 1024
580 0 1024
581 0 1024
582 0 1024
583 0 1024
584 0 1024
585 0 1024
586 0 1024
587 0 1024
588 0 1024
589 0 1024
590 0 1024
591 0 1024
592 0 1024
593 0 1024
594 0 1024
595 0 1024
596 0 1024
597 0 1024
598 0 1024
599 0 1024
600 0 1024
601 0 1024
602 0 1024
603 0 1024
604 0 1024
605 0 1024
606 0 1024
607 0 1024
608 0 1024
609 0 1024
610 0 1024
611 0 1024
612 0 1024
613 0 1024
614 0 1024
615 0 1024
616 0 1024
617 0 1024
618 0 1024
619 0 1024
620 0 1024
621 0 1024
622 0 1024
623 0 1024
624 0 1024
625 0 1024
626 0 1024
627 0 1024
628 0 1024
629 0 1024
630 0 1024
631 0 1024
632 0 1024
633 0 1024
634 0 1024
635 0 1024
636 0 1024
637 0 1024
638 0 1024
639 0 1024
640 0 1024
641 0 1024
642 0 1024
643 0 1024
644 0 1024
645 0 1024
646 0 1024
647 0 1024
648 0 1024
649 0 1024
650 0 1024
651 0 1024
652 0 1024
653 0 1024
654 0 1024
655 0 1024
656 0 1024
657 0 1024
658 0 1024
659 0 1024
660 0 1024
661 0 1024
662 0 1024
663 0 1024
664 0 1024
665 0 1024
666 0 1024
667 0 1024
668 0 1024
669 0 1024
670 0 1024
671 0 1024
672 0 1024
673 0 1024
674 0 1024
675 0 1024
676 0 1024
677 0 1024
678 0 1024
679 0 1024
680 0 1024
681 0 1024
682 0 1024
683 0 1024
684 0 1024
685 0 1024
686 0 1024
687 0 1024
688 0 1024
689 0 1024
690 0 1024
691 0 1024
692 0 1024
693 0 1024
694 0 1024
695 0 1024
696 0 1024
697 0 1024
698 0 1024
699 0 1024
700 0 1024
701 0 1024
702 0 1024
703 0 1024
704 0 1024
705 0 1024
706 0 1024
707 0 1024
708 0 1024
709 0 1024
710 0 1024
711 0 1024
712 0 1024
713 0 1024
714 0 1024
715 0 1024
716 0 1024
717 0 1024
718 0 1024
719 0 1024
720 0 1024
721 0 1024
722 0 1024
723 0 1024
724 0 1024
725 0 1024
726 0 1024
727 0 1024
728 0 1024
729 0 1024
730 0 1024
731 0 1024
732 0 1024
733 0 1024
734 0 1024
735 0 1024
736 0 1024
737 0 1024
738 0 1024
739 0 1024
740 0 1024
741 0 1024
742 0 1024
743 0 1024
744 0 1024
745 0 1024
746 0 1024
747 0 1024
748 0 1024
749 0 1024
750 0 1024
751 0 1024
752 0 1024
753 0 1024
754 0 1024
755 0 1024
756 0 1024
757 0 1024
758 0 1024
759 0 1024
760 0 1024
761 0 1024
762 0 1024
763 0 1024
764 0 1024
765 0 1024
766 0 1024
767 0 1024
768 0 1024
769 0 1024
770 0 1024
771 0 1024
772 0 1024
773 0 1024
774 0 1024
775 0 1024
776 0 1024
777 0 1024
778 0 1024
779 0 1024
780 0 1024
781 0 1024
782 0 1024
783 0 1024
784 0 1024
785 0 1024
786 0 1024
787 0 1024
788 0 1024
789 0 1024
790 0 1024
791 0 1024
792 0 1024
793 0 1024
794 0 1024
795 0 1024
796 0 1024
797 0 1024
798 0 1024
799 0 1024
800 0 1024
801 0 1024
802 0 1024
803 0 1024
804 0 1024
805 0 1024
806 0 1024
807 0 1024
808 0 1024
809 0 1024
810 0 1024
811 0 1024
812 0 1024
813 0 1024
814 0 1024
815 0 1024
816 0 1024
817 0 1024
818 0 1024
819 0 1024
820 0 1024
821 0 1024
822 0 1024
823 0 1024
824 0 1024
825 0 1024
826 0 1024
827 0 1024
828 0 1024
829 0 1024
830 0 1024
831 0 1024
832 0 1024
833 0 1024
834 0 1024
835 0 1024
836 0 1024
837 0 1024
838 0 1024
839 0 1024
840 0 1024
841 0 1024
842 0 1024
843 0 1024
844 0 1024
845 0 1024
846 0 1024
847 0 1024
848 0 1024
849 0 1024
850 0 1024
851 0 1024
852 0 1024
853 0 1024
854 0 1024
855 0 1024
856 0 1024
857 0 1024
858 0 1024
859 0 1024
860 0 1024
861 0 1024
862 0 1024
863 0 1024
864 0 1024
865 0 1024
866 0 1024
867 0 1024
868 0 1024
869 0 1024
870 0 1024
871 0 1024
872 0 1024
873 0 1024
874 0 1024
875 0 1024
876 0 1024
877 0 1024
878 0 1024
879 0 1024
880 0 1024
881 0 1024
882 0 1024
883 0 1024
884 0 1024
885 0 1024
886 0 1024
887 0 1024
888 0 1024
889 0 1024
890 0 1024
891 0 1024
892 0 1024
893 0 1024
894 0 1024
895 0 1024
896 0 1024
897 0 1024
898 0 1024
899 0 1024
900 0 1024
901 0 1024
902 0 1024
903 0 1024
904 0 1024
905 0 1024
906 0 1024
907 0 1024
908 0 1024
909 0 1024
910 0 1024
911 0 1024
912 0 1024
913 0 1024
914 0 1024
915 0 1024
916 0 1024
917 0 1024
918 0 1024
919 0 1024
920 0 1024
921 0 1024
922 0 1024
923 0 1024
924 0 1024
925 0 1024
926 0 1024
927 0 1024
928 0 1024
929 0 1024
930 0 1024
931 0 1024
932 0 1024
933 0 1024
934 0 1024
935 0 1024
936 0 1024
937 0 1024
938 0 1024
939 0 1024
940 0 1024
941 0 1024
942 0 1024
943 0 1024
944 0 1024
945 0 1024
946 0 1024
947 0 1024
948 0 1024
949 0 1024
950 0 1024
951 0 1024
952 0 1024
953 0 1024
954 0 1024
955 0 1024
956 0 1024
957 0 1024
958 0 1024
959 0 1024
960 0 1024
961 0 1024
962 0 1024
963 0 1024
964 0 1024
965 0 1024
966 0 1024
967 0 1024
968 0 1024
969 0 1024
970 0 1024
971 0 1024
972 0 1024
973 0 1024
974 0 1024
975 0 1024
976 0 1024
977 0 1024
978 0 1024
979 0 1024
980 0 1024
981 0 1024
982 0 1024
983 0 1024
984 0 1024
985 0 1024
986 0 1024
987 0 1024
988 0 1024
989 0 1024
990 0 1024
991 0 1024
992 0 1024
993 0 1024
994 0 1024
995 0 1024
996 0 1024
997 0 1024
998 0 1024
999 0 1024
1000 0 1024
